0,13
0,505
1,16
1,50
1,210
1,363
1,591
1,1712
1,2426
1,2807
1,2840
1,3272
1,3301
1,13389
1,13662
1,17599
1,18890
1,20361
1,21385
1,21728
1,25468
1,25558
1,25596
1,25668
1,26137
1,26194
1,33277
2,18
2,1561
2,7930
2,12399
2,18920
2,24711
2,24929
2,26080
2,31646
2,37390
3,22
4,25
5,27
5,26415
6,32
7,37
7,30172
7,33053
8,42
9,48
9,49
9,228
9,234
9,1945
9,2459
9,11624
9,13012
9,18262
9,21633
9,24368
9,26018
9,26172
9,26210
9,26211
9,26273
9,27106
9,29798
9,31347
9,32330
9,35340
10,53
11,54
12,55
12,25622
13,59
14,60
15,62
15,135
16,70
16,6940
16,6987
16,27152
17,75
17,32073
18,77
18,35406
19,80
20,105
20,2865
20,19033
20,20542
20,23983
20,27173
20,29630
20,29656
21,125
22,126
23,127
24,128
25,129
25,1549
25,13337
25,13754
25,13841
25,18530
25,22880
25,22881
25,25648
25,26054
25,28304
25,37313
25,37421
26,130
27,132
28,133
29,136
29,385
29,25657
29,26785
30,139
31,143
31,683
31,19215
31,19222
31,30162
32,144
33,145
34,152
34,22465
35,158
35,18362
35,19807
35,26270
35,36498
35,37373
36,160
37,176
38,190
38,1881
38,14849
38,23124
38,32040
39,201
40,219
41,227
42,239
42,17082
42,17092
42,24694
42,26135
43,253
43,19105
43,26219
43,30052
44,263
44,2271
44,2337
44,6990
44,7070
44,7072
44,7724
44,11007
44,12192
44,15652
44,21032
44,27972
45,268
45,26233
45,35538
46,270
47,273
48,278
48,282
49,291
49,2659
49,26838
50,293
51,296
52,302
52,24350
53,306
53,22702
54,308
54,315
55,322
55,407
55,411
55,818
55,15658
55,15770
55,24993
55,27211
55,33237
55,35106
56,334
57,339
57,3544
58,340
58,493
58,1531
58,3934
58,15332
58,36165
58,36310
59,343
60,345
60,1535
60,1702
60,2843
60,27536
61,350
62,360
63,362
63,1888
63,2488
63,3521
63,8247
63,8286
63,11045
63,13197
63,13265
63,18435
63,18628
63,22663
63,24654
63,24806
63,27193
63,27198
63,27622
63,36360
63,37310
64,365
65,367
66,368
67,369
68,370
69,374
70,375
71,379
71,771
71,1195
71,2209
71,2443
71,2994
71,13735
71,21831
71,25515
71,25589
71,25659
71,25661
71,26164
71,26168
71,26207
71,35733
72,381
73,383
74,384
75,386
76,392
77,397
78,398
79,399
80,400
81,402
82,449
83,457
84,458
84,15917
84,16107
84,17037
84,20776
85,494
85,1283
85,1583
85,2617
85,2670
85,10732
85,11358
85,15441
85,18875
85,24388
85,24623
85,26719
85,27575
85,27595
85,29402
85,36352
85,37009
85,37312
86,542
87,543
88,544
89,551
89,676
89,2985
89,2997
90,552
90,3090
90,17538
91,567
92,574
93,578
94,582
94,34629
95,584
96,585
97,586
98,588
99,589
100,595
101,597
102,613
103,616
104,617
105,623
106,624
107,628
107,32541
108,630
108,645
108,18600
108,23718
108,24716
108,25332
108,26232
108,26243
108,29947
108,36913
109,635
110,640
111,641
112,653
113,654
114,658
114,11338
115,671
115,834
115,2361
115,2478
115,10694
115,25500
115,26078
115,31005
115,36880
115,37388
116,674
117,679
118,681
119,682
120,684
121,685
122,686
122,2634
122,32277
123,689
123,21868
124,706
124,22123
124,22560
124,23180
124,25045
124,25049
124,25760
124,25761
124,26069
125,709
126,711
127,730
127,2655
128,732
129,735
129,26254
130,737
131,738
132,739
133,740
134,743
135,745
135,20140
136,768
136,1990
136,2581
136,5743
136,9146
136,20842
136,37431
137,817
138,819
139,822
139,1633
139,17838
139,27472
139,35012
140,823
141,824
142,829
142,3071
143,844
143,3190
143,32083
144,845
145,851
145,898
145,24327
145,24675
145,26043
146,881
146,33022
146,34645
147,893
147,36284
148,905
148,24337
149,910
150,912
150,7069
150,25581
151,915
151,32388
152,923
153,933
154,943
155,972
155,25158
156,974
156,26494
156,35617
157,1015
157,35628
158,1040
159,1090
159,1954
159,12340
159,13366
159,20485
159,20507
159,20516
159,23879
159,26134
159,36866
159,37333
159,37430
160,1096
161,1098
161,2284
161,2457
161,17825
161,20763
161,25634
161,26015
161,26213
161,28870
161,37259
162,1212
162,1332
162,1548
162,3819
162,15591
162,27852
163,1222
164,1228
165,1233
165,1243
166,1250
166,1259
167,1251
167,12008
167,12031
167,37301
168,1260
168,11237
169,1263
170,1267
171,1271
171,19594
172,1274
173,1277
174,1278
175,1281
176,1296
176,1933
176,11320
176,12051
176,12924
176,14397
176,14515
176,14570
176,16485
176,17138
176,22056
176,22092
176,24635
176,25011
176,26084
176,32514
176,32529
177,1469
177,2984
177,21686
177,34241
177,35707
178,1473
178,19182
178,21749
178,34863
178,35481
178,35486
179,1477
180,1479
180,1488
180,21783
181,1490
182,1504
182,35484
182,35494
183,1516
184,1517
185,1518
186,1519
186,1523
187,1526
188,1527
189,1533
189,1562
189,2169
189,24169
189,25773
189,27039
189,27070
189,33055
190,1539
191,1542
192,1543
193,1551
193,28561
193,33918
194,1553
195,1567
195,15761
196,1569
197,1571
198,1573
199,1575
199,30624
200,1585
201,1586
202,1594
203,1615
204,1620
204,25881
205,1623
205,1650
206,1625
206,25051
206,34993
207,1636
207,35852
208,1643
208,1936
208,22419
208,25621
208,26452
208,26460
208,30001
208,30048
208,30053
209,1647
210,1662
210,20034
210,21563
210,29407
210,30625
210,32008
211,1667
212,1686
213,1724
214,1728
214,34620
215,1801
216,1834
216,17600
216,18902
216,25503
216,30572
216,32508
216,34624
217,1884
217,25859
218,1893
218,1898
218,10878
218,37471
219,1911
220,1926
220,25673
220,28619
220,36376
220,36377
221,1928
221,14421
221,14607
222,1931
222,1934
222,35686
223,1938
224,1942
224,24323
224,26042
224,26048
225,1943
225,2206
225,7833
225,21779
225,23322
225,23744
225,31394
225,36357
226,1948
227,1949
228,1950
228,27100
229,1951
229,3094
229,7711
230,1953
230,33410
231,1960
231,29838
232,1977
233,1982
233,27742
234,1983
235,1993
235,2636
236,1997
236,2638
237,2006
237,33600
238,2007
238,33604
239,2010
239,25364
239,36154
240,2043
241,2048
241,22682
241,34878
241,35488
242,2050
243,2053
244,2067
244,27217
244,27218
244,27219
244,32384
244,33850
245,2072
245,36277
246,2075
246,31335
247,2189
247,22152
247,30609
247,30615
247,31998
248,2201
249,2208
249,29821
250,2211
251,2295
252,2329
252,7911
252,19007
252,23803
252,32397
253,2346
253,2403
253,5589
253,26097
253,35797
253,37472
254,2352
254,36428
255,2354
255,32436
255,32441
256,2399
256,36177
257,2408
257,12444
258,2427
259,2502
259,2503
260,2506
261,2507
261,35840
262,2511
262,12903
262,27204
263,2514
263,27202
263,35844
264,2515
264,27203
264,35848
265,2517
266,2542
266,2573
267,2569
268,2570
269,2582
269,3545
269,22913
270,2583
270,27916
271,2593
272,2594
273,2613
274,2625
275,2642
275,36361
276,2657
277,2666
278,2795
278,31768
279,2821
279,2836
279,32440
280,2826
280,3450
280,29476
280,29480
281,2858
281,32469
282,2869
282,26893
283,2874
283,3645
284,2875
284,33868
285,2878
285,3133
285,3562
285,3599
285,3647
285,3765
285,3767
285,10735
285,12717
285,14565
285,28474
285,28780
285,28796
285,29021
285,37274
285,37297
286,2898
287,2909
287,2925
288,3003
288,3903
289,3004
289,3904
290,3005
290,3905
291,3009
292,3080
293,3081
293,3576
294,3084
295,3086
296,3091
297,3093
298,3098
298,3546
298,3577
298,36505
299,3116
300,3147
300,3157
300,7880
301,3179
301,7246
301,19203
301,36979
301,37546
302,3198
302,14195
302,29275
303,3467
304,3473
304,10849
304,10879
304,35853
304,36822
304,37477
305,3492
306,3510
307,3514
308,3533
309,3542
310,3543
311,3557
311,36740
312,3574
312,3649
312,18310
313,3578
314,3586
314,7853
315,3694
316,3745
317,3757
318,3758
319,3759
320,3771
320,3835
321,3781
322,3783
323,3801
323,3837
324,3827
325,3863
325,11845
325,11858
326,3867
327,3871
327,3879
328,3891
329,3907
330,4014
331,4018
332,4038
332,37492
333,4042
334,4048
335,4062
336,4104
336,31945
337,4110
337,6299
337,32290
338,4457
338,4899
339,4742
339,4944
339,4971
340,6267
341,6282
342,6292
343,6957
344,6963
345,6965
346,6976
347,6980
347,7450
347,36356
348,7009
349,7089
350,7098
351,7105
352,7114
353,7115
353,7141
354,7133
355,7155
356,7167
357,7179
358,7202
359,7217
359,7294
359,14463
359,27238
359,37298
360,7221
361,7223
361,7301
361,12421
362,7350
362,36419
363,7706
364,7721
365,7781
366,7894
367,7899
368,7902
369,8202
370,8210
371,8236
371,22905
371,25669
371,27349
372,8240
372,26324
373,8328
373,18704
374,8379
374,36752
374,36754
375,8465
375,10040
375,36333
375,37357
376,9337
377,9956
377,24659
378,10408
379,10436
380,10490
380,12429
380,27637
381,10491
382,10669
383,10693
383,11421
383,37506
384,10759
385,10824
386,10864
387,10883
387,12551
387,24897
387,33045
387,37447
388,10887
389,11010
390,11013
391,11022
392,11171
393,11318
393,11908
393,17565
393,17571
394,11331
395,11345
396,11428
397,11432
398,11435
399,11440
400,11451
400,25670
401,11465
402,11483
402,36375
403,11531
404,11542
405,11565
406,11568
406,31840
406,31846
406,31856
407,11700
408,11754
409,11796
410,11808
411,11826
412,11876
413,11895
414,11905
415,11914
416,11960
417,12057
417,36522
418,12058
419,12066
419,12074
419,16221
419,34561
419,34611
419,35667
420,12080
420,31489
421,12121
422,12347
422,22730
422,23659
422,35869
422,37128
423,12380
424,12422
425,12423
426,12432
427,12434
428,12440
429,12448
429,26107
429,37475
430,12457
431,12547
432,12572
433,12640
433,28175
434,12911
435,12917
435,35690
436,12919
437,12927
438,12969
439,12994
439,18745
439,19136
439,37427
440,13294
440,27384
440,34778
441,13303
442,13327
443,13362
443,18248
443,31334
444,13369
445,13372
445,31617
446,13375
447,13380
447,13383
448,13409
449,13426
450,13499
451,13597
452,13607
453,13611
454,13663
455,13677
456,13721
456,13725
457,13727
458,13782
459,13794
460,13801
461,13993
462,14036
463,14045
464,14108
465,14151
466,14154
466,31684
467,14207
468,14239
469,14284
470,14294
471,14301
472,14336
473,14399
474,14473
475,14477
476,14481
477,14486
477,14492
478,14496
479,14613
480,14622
481,14626
482,14628
483,14638
484,14647
485,14656
486,14663
487,14681
488,14682
489,14686
490,14703
491,14760
492,14768
493,14780
493,21657
493,27499
494,14788
495,14795
496,14805
497,14808
498,14820
498,37391
499,14828
500,14846
501,14852
502,14868
502,31243
503,14960
504,14971
505,15014
506,15026
506,15103
506,19612
507,15030
507,19590
508,15039
509,15040
509,15141
510,15063
511,15066
512,15069
513,15073
514,15075
515,15086
516,15089
517,15091
518,15095
519,15096
520,15167
521,15198
522,15199
523,15266
523,23023
524,15316
525,15318
526,15325
527,15354
528,15361
529,15420
530,15474
530,22023
530,22601
530,31593
530,32509
530,33186
531,15600
531,20157
532,15645
533,15746
534,15762
535,15767
536,15789
537,15943
538,15946
538,15950
538,15959
538,15966
538,17215
538,17353
538,17359
538,17364
538,17368
538,17375
539,15975
540,15986
540,16009
540,16019
541,15992
542,16021
542,16025
543,16038
544,16050
545,16053
546,16059
546,16070
547,16067
548,16074
549,16182
549,16264
549,16281
549,17440
549,20701
550,16209
551,16215
552,16234
553,16243
554,16253
554,37479
555,16302
555,31379
555,32409
556,16312
556,16317
556,16333
556,25826
556,32417
557,16321
557,16395
558,16355
558,30107
559,17071
559,17085
560,17276
560,27105
561,17329
562,17506
563,17517
564,17617
565,17620
566,17624
567,17631
568,17640
569,17686
570,17858
570,17865
571,17868
571,32014
572,17882
572,22006
572,35654
573,17887
573,35657
574,17888
575,17905
575,29457
576,17972
577,17978
578,17990
579,18017
580,18253
580,25439
581,18270
581,35541
582,18276
583,18307
583,31877
583,32046
584,18313
584,18314
585,18316
585,25559
585,27093
585,30046
585,32067
585,34941
586,18323
586,22758
586,25568
586,35409
586,35739
587,18335
588,18352
588,21886
589,18357
590,18373
590,18380
590,18382
590,25355
590,25443
590,27160
590,27163
590,36782
591,18385
591,32564
592,18391
593,18396
594,18398
594,25639
595,18400
595,26109
595,26118
595,35732
596,18404
596,19298
597,18418
597,36556
598,18515
599,18535
600,18540
601,18644
602,18646
603,18649
603,24793
603,26049
603,27200
604,18652
604,24375
604,24705
604,26083
604,32546
604,32548
605,18665
606,18666
607,18679
608,18692
609,18698
610,18708
611,18766
612,18820
613,18833
614,18843
614,36291
615,18846
615,30355
616,18862
617,18880
617,25971
618,18881
619,18899
620,18923
621,18951
622,18981
623,18989
623,36312
624,19000
625,19002
625,22763
626,19053
627,19116
628,19125
629,19141
630,19143
631,19146
632,19148
633,19150
634,19152
635,19156
636,19159
637,19163
638,19166
638,19170
639,19176
640,19183
641,19185
642,19187
643,19190
644,19192
645,19193
646,19195
647,19197
648,19205
649,19206
650,19207
651,19208
652,19213
652,19233
653,19234
654,19261
654,36350
655,19265
655,29621
656,19272
657,19295
657,37535
658,19381
659,19383
659,31711
659,32045
660,19400
661,19571
661,19574
662,19599
663,19605
664,19636
665,19637
666,19650
667,19652
668,19658
669,19659
670,19719
671,19813
672,19971
673,19974
673,22606
673,32478
674,19995
675,20007
676,20033
676,25447
676,25449
676,26133
676,26228
676,36997
676,37481
676,37495
677,20098
678,20101
679,20130
679,31619
680,20344
681,20533
681,24092
682,20558
682,24190
683,20690
684,20768
685,20773
686,20857
686,20978
687,20866
688,20869
688,24343
689,20871
690,20875
691,20878
692,21021
692,37316
693,21036
694,21073
695,21101
696,21331
697,21343
698,21346
699,21353
699,25608
699,25619
700,21362
701,21404
702,21464
702,23262
702,32675
703,21527
704,21538
704,27076
705,21562
706,21570
707,21577
707,33199
708,21598
708,34636
709,21642
709,26924
710,21648
711,21675
712,21678
713,21687
713,35443
713,35454
714,21688
715,21691
716,21742
717,21751
717,27097
717,35784
718,21754
719,21792
719,21805
719,24797
720,21793
721,21797
722,21804
723,21825
724,21883
725,21899
726,21913
727,21918
728,22107
729,22153
729,22165
730,22359
730,26315
730,26902
730,29952
731,22448
732,22488
733,22497
734,22582
735,22607
736,22671
736,26927
737,22675
738,22677
739,22684
739,24702
739,37342
740,22714
741,22716
741,24656
741,29250
741,29256
742,22739
743,22874
744,22891
744,26187
744,27185
745,22898
745,23634
745,27096
746,22919
747,22924
748,22995
749,22998
750,22999
751,23002
752,23010
752,32305
753,23040
754,23058
755,23132
756,23167
756,29063
757,23171
757,24953
757,31425
758,23178
759,23207
759,26532
759,27071
759,29014
760,23317
761,23356
762,23441
763,23462
764,23478
765,23481
765,31831
766,23488
766,25856
767,23494
767,23503
767,25865
767,25870
767,26313
768,23499
768,26307
769,23518
769,30075
770,23533
771,23543
772,23709
773,23892
773,31818
773,31825
774,23894
775,23960
775,26393
776,23968
777,23987
778,24001
779,24008
780,24057
781,24146
781,25389
781,29305
782,24192
783,24211
784,24300
785,24304
786,24313
787,24335
787,32198
787,32199
787,32202
788,24341
789,24359
790,24365
791,24369
792,24378
793,24395
793,24505
793,24761
793,25508
793,26073
793,26444
793,26449
793,32510
794,24402
795,24405
796,24487
796,33577
797,24525
797,24764
797,30798
797,30814
798,24613
799,24650
800,24663
801,24690
801,29252
802,24708
803,24879
803,30831
804,24900
804,24901
804,24916
804,24920
804,25655
804,27195
804,36781
805,24904
805,24909
805,24911
805,26104
805,26105
806,24905
807,24959
807,27139
808,24967
809,24970
810,24995
811,24999
812,25015
813,25026
814,25034
815,25124
816,25130
817,25136
818,25170
819,25202
819,26341
820,25211
821,25213
822,25290
823,25296
824,25343
825,25361
825,35540
826,25369
827,25370
828,25379
829,25426
830,25429
831,25430
832,25434
833,25435
834,25436
835,25437
836,25438
837,25440
838,25441
839,25442
839,35936
839,35937
839,35940
840,25445
841,25446
842,25448
842,25660
842,25857
842,37152
843,25451
844,25473
845,25502
846,25504
847,25506
848,25509
849,25511
850,25536
851,25537
852,25541
853,25543
854,25544
855,25550
855,37480
856,25560
856,26017
856,26106
857,25565
858,25578
858,35737
859,25582
859,30049
859,32642
860,25583
861,25584
861,25587
861,35513
862,25588
863,25601
864,25605
865,25614
866,25617
867,25618
868,25623
868,31734
869,25640
869,27161
870,25654
871,25658
871,25855
872,25663
872,35778
873,25672
873,27101
874,25676
875,25690
875,36175
876,25697
877,25704
877,36413
877,37287
878,25728
878,26969
879,25758
880,25772
881,25844
882,25858
883,25860
883,26159
883,26201
883,32422
884,25861
884,25872
884,26262
884,26299
885,25867
885,30114
886,25880
886,26161
886,33226
886,35651
887,25885
888,25889
888,26162
889,25896
890,25902
891,25925
892,25928
893,25930
894,25938
895,25985
896,25997
897,26000
898,26021
899,26032
900,26041
900,31726
901,26053
902,26071
902,32596
903,26072
903,32599
904,26074
905,26085
905,26289
905,26293
906,26089
906,30583
906,32470
907,26103
907,32439
908,26108
909,26112
909,34986
910,26120
911,26122
912,26131
913,26136
914,26189
915,26192
916,26193
917,26215
917,33260
918,26235
919,26237
920,26238
921,26245
922,26249
922,26255
923,26265
924,26268
925,26269
925,32134
926,26282
927,26309
928,26310
929,26314
930,26320
931,26323
932,26325
933,26326
934,26327
935,26335
936,26339
937,26343
938,26344
939,26363
939,37385
940,26365
941,26387
942,26388
943,26403
944,26406
945,26417
946,26439
947,26442
948,26451
949,26470
950,26471
951,26472
952,26482
953,26483
954,26484
955,26487
955,26576
955,36214
956,26501
957,26502
957,26503
958,26504
959,26506
959,26507
960,26509
961,26512
962,26515
963,26520
964,26523
965,26526
966,26528
967,26529
968,26530
969,26554
970,26556
971,26557
972,26567
972,29097
973,26570
974,26571
975,26573
976,26575
976,32528
977,26578
978,26580
979,26581
980,26619
981,26621
982,26634
983,26640
984,26665
985,26668
986,26696
987,26697
988,26701
989,26702
990,26703
991,26704
992,26705
993,26706
994,26707
995,26708
996,26709
997,26711
998,26713
999,26715
1000,26750
1001,26874
1002,26878
1003,26889
1004,26919
1005,26920
1006,26921
1007,26922
1008,26923
1009,26925
1010,26926
1011,26943
1012,26954
1013,26955
1014,26958
1015,27024
1016,27026
1017,27029
1018,27030
1019,27038
1020,27042
1021,27045
1022,27046
1023,27050
1024,27068
1024,27074
1025,27075
1026,27077
1027,27078
1028,27079
1029,27085
1030,27086
1031,27087
1032,27088
1033,27089
1034,27090
1035,27102
1036,27103
1037,27109
1038,27131
1039,27137
1040,27144
1041,27150
1042,27154
1043,27155
1044,27159
1045,27164
1046,27190
1047,27191
1047,37300
1048,27199
1049,27205
1049,33470
1050,27216
1051,27282
1052,27304
1053,27323
1054,27326
1055,27330
1056,27334
1057,27348
1058,27350
1058,27351
1059,27355
1060,27356
1060,27358
1061,27366
1062,27368
1063,27369
1064,27370
1065,27371
1066,27372
1066,32390
1067,27373
1068,27374
1069,27380
1070,27392
1071,27414
1072,27440
1072,36915
1073,27451
1074,27502
1075,27506
1076,27511
1077,27517
1078,27518
1079,27519
1080,27539
1081,27546
1082,27553
1083,27567
1084,27570
1085,27571
1086,27636
1087,27648
1087,27919
1088,27660
1089,27666
1090,27815
1091,27817
1092,27830
1093,27831
1094,27875
1095,27890
1096,27998
1096,28823
1096,37345
1097,28015
1098,28045
1099,28138
1100,28468
1101,28608
1102,28714
1103,28749
1104,29037
1105,29038
1106,29062
1107,29065
1108,29067
1109,29081
1110,29096
1111,29106
1112,29109
1113,29110
1114,29111
1115,29180
1116,29188
1117,29196
1118,29204
1119,29210
1120,29226
1120,29456
1120,29481
1121,29232
1122,29238
1123,29239
1124,29247
1125,29249
1126,29253
1127,29254
1128,29255
1129,29257
1130,29258
1131,29267
1132,29375
1133,29379
1134,29382
1135,29398
1136,29424
1136,35524
1137,29455
1137,32212
1137,32213
1137,32214
1138,29464
1138,29470
1139,29469
1140,29475
1141,29478
1142,29479
1143,29494
1144,29495
1145,29499
1146,29524
1147,29525
1148,29529
1149,29532
1150,29545
1151,29589
1152,29627
1153,29636
1154,29660
1155,29664
1156,29680
1157,29683
1158,29732
1158,35806
1159,29775
1160,29781
1161,29826
1162,29830
1163,29833
1164,29834
1165,29835
1166,29854
1167,29885
1168,29886
1169,29887
1170,29893
1171,29896
1172,29908
1173,29910
1174,29911
1175,29945
1176,29955
1177,30004
1178,30005
1178,30009
1179,30010
1180,30016
1180,30022
1181,30020
1182,30021
1183,30023
1183,30026
1184,30028
1185,30029
1186,30030
1187,30031
1188,30034
1189,30037
1190,30039
1191,30040
1192,30041
1193,30042
1194,30043
1195,30044
1196,30045
1197,30047
1198,30054
1199,30055
1200,30057
1201,30058
1202,30061
1203,30063
1204,30068
1205,30070
1206,30079
1207,30081
1208,30082
1209,30083
1210,30084
1211,30085
1212,30086
1213,30087
1214,30088
1215,30089
1216,30090
1217,30105
1218,30110
1219,30111
1220,30116
1221,30117
1222,30123
1223,30128
1224,30131
1225,30135
1226,30139
1227,30188
1228,30207
1229,30217
1230,30223
1231,30269
1231,31729
1232,30277
1233,30297
1234,30330
1235,30348
1236,30611
1237,30630
1237,31316
1238,30697
1239,31303
1239,31308
1240,31313
1241,31315
1242,31327
1243,31372
1244,31408
1245,31422
1246,31458
1247,31462
1248,31468
1249,31526
1250,31539
1251,31584
1252,31621
1253,31625
1254,31627
1255,31636
1256,31676
1257,31677
1258,31678
1259,31696
1259,31860
1260,31706
1261,31707
1262,31712
1263,31715
1264,31716
1265,31718
1266,31719
1267,31721
1268,31731
1269,31732
1270,31733
1271,31735
1272,31736
1273,31741
1274,31756
1275,31758
1276,31762
1277,31765
1278,31766
1279,31781
1280,31782
1281,31814
1281,31838
1282,31823
1282,37476
1283,31826
1284,31827
1285,31828
1286,31830
1287,31841
1288,31842
1289,31844
1290,31848
1291,31851
1292,31852
1293,31855
1294,31870
1295,31881
1296,31884
1297,31886
1298,31896
1298,33505
1299,31910
1300,31911
1301,31913
1302,31914
1303,31916
1304,31921
1305,31926
1306,31936
1307,31937
1308,31943
1309,31946
1310,31953
1311,31961
1312,31962
1313,31964
1314,31986
1315,32009
1316,32042
1317,32061
1318,32062
1319,32063
1320,32068
1321,32074
1322,32076
1323,32078
1324,32080
1325,32081
1326,32085
1327,32103
1328,32195
1329,32200
1330,32201
1331,32205
1332,32206
1333,32207
1333,32209
1333,32210
1334,32211
1335,32216
1336,32219
1337,32220
1338,32222
1339,32223
1339,32225
1340,32234
1341,32244
1342,32281
1343,32282
1344,32284
1345,32287
1346,32288
1347,32289
1348,32291
1349,32292
1350,32294
1351,32295
1351,34972
1352,32296
1353,32302
1354,32315
1355,32328
1356,32337
1357,32338
1358,32339
1359,32349
1360,32363
1361,32364
1362,32367
1363,32378
1364,32381
1365,32382
1366,32385
1367,32386
1368,32387
1369,32419
1370,32421
1371,32423
1372,32424
1373,32425
1374,32431
1375,32434
1376,32437
1377,32438
1378,32442
1378,32443
1378,32569
1379,32444
1380,32445
1381,32464
1382,32474
1383,32489
1384,32507
1385,32524
1385,32526
1386,32527
1387,32530
1387,32532
1388,32533
1388,35550
1389,32534
1390,32540
1390,34997
1391,32544
1392,32552
1393,32554
1394,32555
1395,32556
1396,32558
1397,32562
1398,32571
1399,32572
1400,32576
1401,32580
1402,32583
1403,32588
1404,32591
1405,32601
1405,32603
1406,32602
1407,32626
1408,32644
1409,32660
1409,33514
1410,32661
1411,32671
1412,32681
1413,32722
1414,32723
1415,32724
1416,32729
1417,32756
1418,32773
1419,32788
1420,32892
1421,32954
1421,35675
1422,33139
1423,33166
1423,34226
1423,35710
1424,33182
1425,33188
1425,35534
1426,33211
1427,33215
1428,33217
1429,33219
1429,35697
1430,33228
1431,33233
1432,33251
1433,33334
1434,33391
1435,33406
1436,33408
1437,33409
1438,33413
1438,33453
1439,33459
1440,33462
1441,33478
1442,33480
1443,33483
1444,33486
1445,33491
1446,33496
1447,33532
1448,33533
1449,33542
1450,33561
1451,33571
1451,35499
1452,33593
1453,33595
1454,33596
1455,33598
1456,33601
1457,33602
1458,33623
1459,33624
1460,33627
1461,33628
1462,33629
1463,33631
1464,33696
1465,33705
1466,33707
1467,33757
1468,33767
1469,33808
1470,33831
1471,33863
1472,33923
1473,34026
1474,34059
1475,34063
1476,34065
1477,34163
1478,34251
1478,34264
1479,34647
1480,34651
1481,34800
1482,34814
1483,34817
1484,34820
1485,34824
1486,34826
1486,34830
1487,34834
1488,34837
1489,34840
1490,34845
1491,34882
1492,34909
1493,34922
1494,34934
1495,34936
1496,34949
1496,35709
1497,34975
1498,34998
1499,34999
1500,35000
1501,35001
1502,35010
1503,35024
1504,35032
1505,35050
1506,35051
1507,35054
1508,35183
1509,35312
1510,35348
1511,35398
1512,35412
1513,35413
1514,35430
1515,35432
1516,35435
1517,35436
1518,35438
1519,35441
1520,35447
1520,35463
1521,35466
1522,35491
1523,35492
1524,35493
1525,35496
1525,35501
1526,35503
1527,35504
1528,35505
1529,35506
1530,35508
1531,35512
1532,35517
1533,35519
1534,35521
1535,35529
1536,35530
1537,35536
1538,35537
1539,35567
1540,35570
1541,35624
1542,35625
1543,35626
1544,35639
1545,35650
1546,35658
1547,35663
1548,35670
1549,35671
1550,35672
1551,35673
1552,35676
1553,35679
1554,35681
1555,35684
1556,35687
1557,35689
1557,35698
1558,35692
1559,35695
1560,35696
1561,35702
1562,35703
1563,35730
1564,35731
1565,35734
1566,35735
1567,35736
1568,35740
1569,35779
1570,35783
1571,35787
1572,35831
1573,35833
1574,35838
1575,35851
1576,35856
1577,35876
1578,35941
1579,35944
1580,35945
1581,35946
1582,35961
1583,36106
1584,36124
1585,36129
1586,36130
1587,36132
1588,36134
1589,36171
1590,36174
1591,36179
1592,36181
1593,36182
1594,36183
1595,36215
1596,36217
1597,36218
1598,36220
1599,36232
1600,36240
1601,36247
1602,36248
1603,36249
1604,36250
1605,36251
1606,36252
1607,36254
1608,36256
1609,36257
1610,36260
1611,36261
1612,36267
1613,36275
1613,37556
1614,36282
1615,36288
1616,36294
1617,36296
1618,36299
1619,36303
1620,36305
1620,36308
1621,36311
1622,36316
1623,36317
1624,36318
1625,36319
1626,36325
1627,36342
1628,36348
1629,36354
1630,36355
1631,36370
1632,36371
1633,36373
1634,36374
1635,36380
1636,36383
1637,36429
1638,36434
1639,36504
1640,36548
1641,36708
1642,36709
1643,36737
1644,36738
1645,36739
1646,36742
1647,36744
1648,36747
1649,36750
1650,36757
1651,36832
1651,37386
1652,36917
1653,36980
1653,37291
1654,37037
1655,37103
1656,37116
1657,37284
1658,37285
1659,37292
1660,37296
1661,37299
1662,37302
1663,37303
1664,37306
1665,37311
1666,37314
1667,37325
1668,37343
1669,37353
1670,37354
1671,37355
1672,37356
1673,37358
1674,37375
1675,37376
1676,37378
1677,37381
1678,37382
1679,37383
1680,37384
1681,37389
1682,37428
1683,37429
1684,37478
1685,37482
1686,37483
1687,37487
1688,37488
1688,37528
1689,37489
1690,37490
1691,37510
1692,37512
1693,37516
1694,37534
1695,37560
