7,0
159,0
205,0
249,0
373,0
447,0
549,0
552,0
575,0
1177,0
1540,0
1552,0
1571,0
1798,0
2024,0
2556,0
2653,0
2709,0
2712,0
2721,0
2739,0
2746,0
2747,0
2748,0
2789,0
2807,0
2845,0
2907,0
2912,0
2970,0
3085,0
3096,0
3130,0
3131,0
3135,0
3405,0
3649,0
3664,0
3762,0
3831,0
4182,0
4269,0
4297,0
4382,0
4489,0
4493,0
4544,0
7,1
46,1
1564,1
1565,1
1566,1
1567,1
1568,1
1569,1
1570,1
1571,1
1743,1
1775,1
2114,1
2410,1
2482,1
2601,1
3307,1
3308,1
7,2
9,2
23,2
24,2
26,2
27,2
35,2
38,2
41,2
45,2
46,2
50,2
53,2
59,2
60,2
61,2
62,2
63,2
64,2
65,2
66,2
67,2
69,2
72,2
81,2
84,2
88,2
89,2
91,2
103,2
106,2
111,2
126,2
141,2
172,2
177,2
179,2
192,2
205,2
210,2
212,2
231,2
245,2
253,2
263,2
268,2
272,2
275,2
277,2
279,2
286,2
287,2
332,2
334,2
341,2
346,2
347,2
348,2
351,2
358,2
359,2
364,2
373,2
381,2
382,2
383,2
384,2
393,2
394,2
395,2
398,2
404,2
406,2
414,2
415,2
418,2
419,2
421,2
423,2
426,2
427,2
428,2
429,2
431,2
432,2
434,2
435,2
436,2
439,2
441,2
448,2
468,2
473,2
474,2
480,2
487,2
491,2
495,2
504,2
508,2
515,2
527,2
530,2
536,2
538,2
539,2
548,2
549,2
553,2
557,2
558,2
566,2
571,2
572,2
573,2
624,2
625,2
640,2
641,2
643,2
644,2
649,2
663,2
686,2
687,2
692,2
693,2
694,2
695,2
696,2
697,2
708,2
714,2
725,2
736,2
742,2
745,2
748,2
754,2
763,2
777,2
789,2
797,2
801,2
803,2
804,2
805,2
807,2
827,2
828,2
829,2
840,2
841,2
842,2
847,2
849,2
851,2
854,2
857,2
858,2
862,2
863,2
876,2
882,2
883,2
891,2
894,2
905,2
908,2
914,2
946,2
948,2
988,2
989,2
990,2
991,2
994,2
995,2
996,2
997,2
998,2
999,2
1017,2
1023,2
1032,2
1051,2
1052,2
1053,2
1054,2
1056,2
1059,2
1062,2
1063,2
1065,2
1070,2
1078,2
1082,2
1084,2
1085,2
1086,2
1087,2
1090,2
1091,2
1095,2
1100,2
1101,2
1103,2
1104,2
1105,2
1106,2
1116,2
1117,2
1119,2
1120,2
1121,2
1122,2
1147,2
1150,2
1154,2
1155,2
1159,2
1167,2
1184,2
1185,2
1187,2
1199,2
1209,2
1225,2
1226,2
1228,2
1229,2
1230,2
1231,2
1232,2
1233,2
1236,2
1237,2
1242,2
1247,2
1248,2
1253,2
1260,2
1261,2
1263,2
1268,2
1269,2
1275,2
1284,2
1288,2
1289,2
1294,2
1295,2
1301,2
1310,2
1323,2
1327,2
1329,2
1330,2
1336,2
1340,2
1342,2
1357,2
1360,2
1367,2
1368,2
1369,2
1380,2
1383,2
1392,2
1393,2
1394,2
1403,2
1407,2
1408,2
1410,2
1417,2
1418,2
1420,2
1422,2
1423,2
1429,2
1430,2
1442,2
1444,2
1451,2
1454,2
1474,2
1476,2
1477,2
1480,2
1481,2
1482,2
1487,2
1497,2
1498,2
1499,2
1500,2
1503,2
1504,2
1505,2
1507,2
1513,2
1516,2
1544,2
1551,2
1572,2
1575,2
1576,2
1584,2
1585,2
1598,2
1605,2
1628,2
1629,2
1634,2
1636,2
1641,2
1642,2
1648,2
1652,2
1659,2
1662,2
1669,2
1670,2
1676,2
1677,2
1682,2
1684,2
1694,2
1695,2
1704,2
1719,2
1720,2
1723,2
1728,2
1730,2
1734,2
1743,2
1746,2
1748,2
1751,2
1759,2
1760,2
1767,2
1768,2
1769,2
1774,2
1778,2
1781,2
1804,2
1819,2
1827,2
1828,2
1830,2
1831,2
1846,2
1851,2
1852,2
1857,2
1859,2
1864,2
1868,2
1869,2
1870,2
1871,2
1875,2
1880,2
1881,2
1886,2
1889,2
1892,2
1893,2
1894,2
1895,2
1899,2
1900,2
1903,2
1905,2
1906,2
1914,2
1915,2
1920,2
1929,2
1931,2
1933,2
1945,2
1947,2
1948,2
1958,2
1959,2
1968,2
1982,2
1984,2
1985,2
1989,2
1992,2
1993,2
1994,2
1996,2
2012,2
2019,2
2020,2
2022,2
2028,2
2030,2
2031,2
2034,2
2035,2
2036,2
2037,2
2039,2
2051,2
2052,2
2061,2
2066,2
2075,2
2077,2
2078,2
2079,2
2100,2
2103,2
2109,2
2114,2
2117,2
2121,2
2125,2
2132,2
2133,2
2134,2
2135,2
2136,2
2141,2
2162,2
2165,2
2172,2
2174,2
2178,2
2180,2
2181,2
2192,2
2194,2
2206,2
2207,2
2209,2
2210,2
2221,2
2244,2
2245,2
2253,2
2257,2
2258,2
2265,2
2266,2
2267,2
2268,2
2269,2
2270,2
2271,2
2272,2
2273,2
2275,2
2276,2
2278,2
2284,2
2286,2
2291,2
2292,2
2295,2
2299,2
2302,2
2320,2
2325,2
2369,2
2381,2
2386,2
2387,2
2392,2
2394,2
2396,2
2405,2
2406,2
2408,2
2410,2
2411,2
2418,2
2421,2
2424,2
2427,2
2428,2
2430,2
2431,2
2432,2
2433,2
2434,2
2435,2
2436,2
2437,2
2438,2
2439,2
2440,2
2441,2
2442,2
2443,2
2462,2
2465,2
2466,2
2473,2
2479,2
2480,2
2482,2
2483,2
2508,2
2515,2
2521,2
2525,2
2526,2
2527,2
2536,2
2555,2
2562,2
2565,2
2566,2
2571,2
2574,2
2576,2
2597,2
2600,2
2601,2
2613,2
2615,2
2616,2
2620,2
2623,2
2628,2
2633,2
2637,2
2640,2
2641,2
2648,2
2652,2
2654,2
2656,2
2661,2
2662,2
2663,2
2668,2
2670,2
2673,2
2674,2
2678,2
2679,2
2680,2
2681,2
2682,2
2683,2
2687,2
2688,2
2689,2
2690,2
2691,2
2692,2
2693,2
2694,2
2695,2
2696,2
2703,2
2704,2
2705,2
2706,2
2707,2
2708,2
2709,2
2710,2
2712,2
2714,2
2715,2
2716,2
2721,2
2722,2
2723,2
2724,2
2727,2
2729,2
2733,2
2735,2
2736,2
2737,2
2738,2
2739,2
2740,2
2741,2
2743,2
2744,2
2746,2
2747,2
2748,2
2751,2
2752,2
2753,2
2755,2
2763,2
2770,2
2772,2
2779,2
2780,2
2781,2
2782,2
2797,2
2798,2
2806,2
2809,2
2810,2
2814,2
2825,2
2828,2
2833,2
2838,2
2841,2
2850,2
2855,2
2860,2
2879,2
2888,2
2890,2
2894,2
2901,2
2903,2
2905,2
2908,2
2909,2
2914,2
2928,2
2933,2
2938,2
2939,2
2940,2
2942,2
2951,2
2952,2
2953,2
2955,2
2959,2
2963,2
2964,2
2968,2
2972,2
2975,2
2977,2
2978,2
2987,2
2988,2
2997,2
3021,2
3024,2
3025,2
3038,2
3039,2
3040,2
3044,2
3045,2
3047,2
3048,2
3049,2
3050,2
3051,2
3055,2
3061,2
3063,2
3069,2
3070,2
3072,2
3073,2
3077,2
3080,2
3081,2
3082,2
3086,2
3087,2
3088,2
3093,2
3094,2
3098,2
3101,2
3102,2
3103,2
3104,2
3105,2
3106,2
3107,2
3108,2
3109,2
3114,2
3117,2
3118,2
3119,2
3120,2
3121,2
3122,2
3129,2
3132,2
3133,2
3134,2
3136,2
3137,2
3138,2
3140,2
3141,2
3147,2
3150,2
3152,2
3157,2
3159,2
3160,2
3162,2
3164,2
3168,2
3169,2
3170,2
3171,2
3172,2
3173,2
3174,2
3175,2
3176,2
3177,2
3178,2
3179,2
3180,2
3189,2
3190,2
3191,2
3193,2
3207,2
3208,2
3209,2
3210,2
3219,2
3224,2
3251,2
3253,2
3254,2
3255,2
3256,2
3259,2
3268,2
3273,2
3274,2
3275,2
3278,2
3279,2
3286,2
3298,2
3307,2
3308,2
3310,2
3318,2
3319,2
3321,2
3322,2
3325,2
3328,2
3333,2
3350,2
3351,2
3353,2
3360,2
3361,2
3362,2
3363,2
3369,2
3372,2
3378,2
3393,2
3395,2
3400,2
3405,2
3409,2
3414,2
3428,2
3435,2
3436,2
3437,2
3438,2
3439,2
3443,2
3453,2
3455,2
3456,2
3457,2
3459,2
3461,2
3466,2
3467,2
3468,2
3469,2
3484,2
3485,2
3486,2
3487,2
3490,2
3492,2
3508,2
3513,2
3514,2
3515,2
3517,2
3522,2
3528,2
3530,2
3532,2
3535,2
3541,2
3542,2
3545,2
3551,2
3552,2
3560,2
3561,2
3563,2
3564,2
3569,2
3576,2
3582,2
3584,2
3585,2
3592,2
3593,2
3595,2
3596,2
3603,2
3608,2
3617,2
3627,2
3648,2
3657,2
3670,2
3671,2
3672,2
3674,2
3675,2
3676,2
3677,2
3686,2
3697,2
3703,2
3733,2
3739,2
3780,2
3783,2
3785,2
3786,2
3788,2
3790,2
3848,2
3873,2
3874,2
3877,2
3878,2
3890,2
3894,2
3896,2
3898,2
3899,2
3901,2
3904,2
3905,2
3912,2
3913,2
3914,2
3921,2
3928,2
3932,2
3947,2
3948,2
3955,2
3968,2
3977,2
3987,2
3998,2
4000,2
4004,2
4008,2
4014,2
4015,2
4019,2
4022,2
4023,2
4047,2
4072,2
4079,2
4081,2
4107,2
4110,2
4111,2
4117,2
4118,2
4119,2
4124,2
4125,2
4126,2
4132,2
4135,2
4136,2
4140,2
4141,2
4164,2
4165,2
4186,2
4188,2
4203,2
4204,2
4205,2
4206,2
4215,2
4228,2
4229,2
4244,2
4247,2
4253,2
4259,2
4282,2
4284,2
4291,2
4292,2
4293,2
4294,2
4295,2
4296,2
4297,2
4298,2
4299,2
4301,2
4306,2
4307,2
4308,2
4309,2
4310,2
4311,2
4312,2
4313,2
4314,2
4315,2
4316,2
4318,2
4319,2
4320,2
4321,2
4322,2
4323,2
4324,2
4325,2
4326,2
4327,2
4328,2
4329,2
4330,2
4331,2
4332,2
4333,2
4334,2
4335,2
4336,2
4337,2
4338,2
4339,2
4340,2
4341,2
4342,2
4343,2
4344,2
4345,2
4346,2
4348,2
4349,2
4350,2
4355,2
4356,2
4357,2
4363,2
4364,2
4365,2
4366,2
4367,2
4368,2
4369,2
4370,2
4371,2
4372,2
4373,2
4374,2
4375,2
4376,2
4377,2
4378,2
4379,2
4380,2
4381,2
4382,2
4383,2
4384,2
4385,2
4386,2
4387,2
4388,2
4389,2
4390,2
4391,2
4392,2
4393,2
4394,2
4395,2
4396,2
4397,2
4398,2
4399,2
4400,2
4401,2
4402,2
4403,2
4404,2
4405,2
4406,2
4407,2
4408,2
4409,2
4410,2
4411,2
4412,2
4413,2
4414,2
4415,2
4416,2
4417,2
4418,2
4419,2
4420,2
4421,2
4422,2
4423,2
4425,2
4426,2
4427,2
4428,2
4429,2
4430,2
4431,2
4432,2
4433,2
4434,2
4435,2
4436,2
4437,2
4439,2
8,3
10,4
11,5
2304,5
12,6
13,6
1771,6
14,6
15,7
148,7
155,7
606,7
607,7
719,7
760,7
968,7
1112,7
1468,7
1559,7
1560,7
1590,7
1646,7
1792,7
1797,7
2152,7
2156,7
2223,7
2226,7
2242,7
2447,7
2484,7
2528,7
2560,7
2889,7
2983,7
3017,7
3124,7
3133,7
3181,7
3280,7
3282,7
3424,7
3544,7
3567,7
3676,7
3881,7
4108,7
4137,7
4157,7
4158,7
4235,7
4319,7
4333,7
4336,7
4388,7
4406,7
4441,7
4442,7
4443,7
4444,7
4445,7
4446,7
4447,7
4448,7
4449,7
4450,7
4451,7
4452,7
4453,7
4454,7
4455,7
4456,7
4457,7
4458,7
4459,7
4460,7
4461,7
4462,7
4586,7
15,7
379,7
888,7
1175,7
1537,7
1538,7
1539,7
1540,7
1541,7
1794,7
1795,7
1796,7
1797,7
2152,7
2197,7
2447,7
2556,7
3643,7
4081,7
4235,7
4249,7
4388,7
4453,7
4454,7
4455,7
4456,7
4531,7
4586,7
16,2
26,2
52,2
137,2
185,2
294,2
329,2
451,2
486,2
613,2
648,2
754,2
957,2
1015,2
1060,2
1082,2
1086,2
1178,2
1213,2
1216,2
1545,2
1546,2
1598,2
1634,2
1662,2
1904,2
1933,2
1934,2
1935,2
1936,2
1937,2
1942,2
1943,2
1944,2
1945,2
1947,2
1948,2
2243,2
2423,2
2560,2
2620,2
2623,2
2797,2
2941,2
3094,2
3119,2
3189,2
3190,2
3191,2
3492,2
3602,2
3610,2
3649,2
3650,2
3651,2
3652,2
3653,2
3895,2
4080,2
4095,2
4137,2
4164,2
4282,2
4283,2
4404,2
4405,2
17,8
18,9
19,10
20,11
21,12
22,11
23,11
24,11
23,2
25,10
26,2
27,13
194,13
358,13
394,13
395,13
624,13
625,13
857,13
858,13
905,13
1247,13
1248,13
1327,13
1728,13
1827,13
1828,13
2109,13
2117,13
2118,13
2119,13
2172,13
2386,13
2387,13
2392,13
2393,13
2394,13
2441,13
2833,13
2834,13
4309,13
4323,13
4324,13
4325,13
4370,13
4371,13
27,14
28,15
29,16
30,17
31,18
31,8
2035,8
2053,8
2060,8
2073,8
2168,8
2444,8
2586,8
2960,8
3297,8
3677,8
3994,8
4082,8
4092,8
4481,8
4585,8
4588,8
32,2
2244,2
32,19
57,19
369,19
954,19
1356,19
2426,19
2612,19
2631,19
2852,19
4050,19
4073,19
4103,19
4237,19
4415,19
33,11
34,2
35,2
38,2
39,2
40,2
41,2
42,2
43,2
44,2
46,2
48,2
49,2
50,2
51,2
52,2
53,2
54,2
55,2
56,2
57,2
58,2
59,2
60,2
61,2
62,2
63,2
64,2
65,2
66,2
67,2
68,2
414,2
433,2
471,2
892,2
945,2
1044,2
1062,2
1112,2
1133,2
1188,2
1229,2
1233,2
1236,2
1237,2
1431,2
1478,2
1479,2
1480,2
1481,2
1501,2
1502,2
1503,2
1504,2
1523,2
1553,2
1567,2
1676,2
1851,2
1861,2
2687,2
2872,2
3254,2
3346,2
3347,2
3348,2
3352,2
3366,2
3666,2
3775,2
3907,2
34,20
2376,20
2594,20
35,20
933,20
1199,20
2628,20
4297,20
4298,20
4299,20
36,21
37,22
38,23
403,23
404,23
1336,23
1465,23
1652,23
1719,23
2381,23
3207,23
4014,23
39,24
2385,24
2595,24
3192,24
3193,24
40,25
416,25
41,26
359,26
1730,26
2597,26
42,11
44,11
200,11
3325,11
43,6
3598,6
45,27
45,2
50,2
52,2
69,2
74,2
75,2
88,2
90,2
101,2
112,2
113,2
124,2
125,2
151,2
160,2
262,2
263,2
269,2
340,2
349,2
352,2
358,2
359,2
360,2
364,2
366,2
367,2
368,2
369,2
370,2
371,2
381,2
394,2
403,2
419,2
420,2
421,2
441,2
453,2
456,2
472,2
486,2
489,2
499,2
500,2
504,2
529,2
555,2
559,2
563,2
568,2
594,2
605,2
606,2
607,2
609,2
610,2
611,2
612,2
613,2
616,2
624,2
625,2
628,2
629,2
631,2
632,2
635,2
636,2
637,2
638,2
639,2
644,2
648,2
650,2
652,2
653,2
654,2
655,2
656,2
657,2
659,2
668,2
675,2
676,2
678,2
679,2
680,2
685,2
686,2
687,2
692,2
694,2
695,2
696,2
697,2
702,2
703,2
704,2
705,2
706,2
707,2
708,2
713,2
714,2
717,2
718,2
719,2
721,2
736,2
742,2
743,2
744,2
747,2
753,2
758,2
763,2
767,2
768,2
776,2
780,2
781,2
782,2
783,2
784,2
785,2
786,2
791,2
792,2
793,2
794,2
795,2
796,2
797,2
798,2
799,2
800,2
801,2
824,2
830,2
831,2
832,2
833,2
858,2
859,2
860,2
863,2
879,2
884,2
885,2
887,2
913,2
918,2
920,2
932,2
933,2
934,2
935,2
936,2
937,2
938,2
939,2
940,2
941,2
942,2
943,2
944,2
945,2
946,2
947,2
948,2
951,2
952,2
953,2
954,2
955,2
960,2
1017,2
1028,2
1030,2
1045,2
1049,2
1053,2
1054,2
1058,2
1073,2
1075,2
1076,2
1077,2
1152,2
1153,2
1154,2
1166,2
1167,2
1169,2
1170,2
1171,2
1172,2
1173,2
1174,2
1192,2
1193,2
1201,2
1204,2
1205,2
1206,2
1208,2
1209,2
1217,2
1218,2
1219,2
1220,2
1221,2
1222,2
1223,2
1224,2
1247,2
1248,2
1254,2
1258,2
1284,2
1288,2
1289,2
1308,2
1311,2
1329,2
1330,2
1331,2
1333,2
1334,2
1335,2
1336,2
1337,2
1338,2
1339,2
1340,2
1341,2
1342,2
1346,2
1349,2
1350,2
1351,2
1352,2
1353,2
1354,2
1355,2
1356,2
1357,2
1358,2
1368,2
1403,2
1404,2
1432,2
1433,2
1449,2
1465,2
1473,2
1476,2
1479,2
1485,2
1500,2
1502,2
1534,2
1535,2
1536,2
1551,2
1576,2
1579,2
1585,2
1688,2
1701,2
1702,2
1703,2
1704,2
1705,2
1706,2
1707,2
1708,2
1709,2
1710,2
1715,2
1716,2
1717,2
1718,2
1719,2
1720,2
1721,2
1722,2
1723,2
1724,2
1725,2
1726,2
1727,2
1728,2
1729,2
1730,2
1731,2
1732,2
1733,2
1734,2
1735,2
1736,2
1740,2
1741,2
1742,2
1743,2
1744,2
1745,2
1746,2
1747,2
1748,2
1749,2
1750,2
1751,2
1752,2
1753,2
1754,2
1755,2
1756,2
1757,2
1758,2
1759,2
1760,2
1761,2
1762,2
1763,2
1764,2
1774,2
1775,2
1776,2
1777,2
1779,2
1780,2
1781,2
1782,2
1783,2
1784,2
1785,2
1786,2
1787,2
1788,2
1789,2
1790,2
1791,2
1792,2
1793,2
1794,2
1795,2
1796,2
1797,2
1798,2
1799,2
1800,2
1801,2
1802,2
1803,2
1804,2
1805,2
1806,2
1807,2
1808,2
1809,2
1810,2
1811,2
1812,2
1813,2
1814,2
1815,2
1816,2
1817,2
1818,2
1819,2
1820,2
1821,2
1822,2
1823,2
1824,2
1825,2
1826,2
1827,2
1828,2
1829,2
1830,2
1831,2
1832,2
1840,2
1937,2
1943,2
1954,2
1964,2
1965,2
1974,2
1977,2
1978,2
1981,2
2060,2
2063,2
2073,2
2080,2
2109,2
2122,2
2123,2
2124,2
2125,2
2154,2
2155,2
2159,2
2172,2
2174,2
2182,2
2183,2
2226,2
2234,2
2252,2
2276,2
2317,2
2355,2
2371,2
2375,2
2386,2
2387,2
2388,2
2390,2
2408,2
2413,2
2414,2
2415,2
2416,2
2417,2
2418,2
2423,2
2441,2
2445,2
2450,2
2469,2
2470,2
2518,2
2529,2
2541,2
2554,2
2555,2
2586,2
2611,2
2637,2
2638,2
2646,2
2648,2
2650,2
2651,2
2652,2
2653,2
2654,2
2669,2
2673,2
2674,2
2681,2
2682,2
2683,2
2684,2
2685,2
2686,2
2687,2
2688,2
2689,2
2690,2
2691,2
2692,2
2693,2
2694,2
2695,2
2696,2
2700,2
2701,2
2702,2
2703,2
2704,2
2705,2
2706,2
2707,2
2708,2
2709,2
2710,2
2711,2
2712,2
2713,2
2714,2
2715,2
2719,2
2722,2
2723,2
2724,2
2725,2
2726,2
2727,2
2728,2
2729,2
2733,2
2736,2
2739,2
2740,2
2746,2
2747,2
2748,2
2755,2
2756,2
2757,2
2758,2
2770,2
2778,2
2780,2
2781,2
2798,2
2800,2
2801,2
2804,2
2808,2
2809,2
2810,2
2824,2
2829,2
2830,2
2831,2
2836,2
2844,2
2847,2
2848,2
2849,2
2853,2
2854,2
2855,2
2858,2
2859,2
2889,2
2919,2
2968,2
2977,2
2978,2
2993,2
3024,2
3036,2
3037,2
3038,2
3048,2
3049,2
3050,2
3051,2
3054,2
3058,2
3061,2
3064,2
3065,2
3070,2
3092,2
3100,2
3112,2
3116,2
3118,2
3144,2
3152,2
3153,2
3154,2
3155,2
3157,2
3159,2
3160,2
3177,2
3178,2
3179,2
3192,2
3193,2
3196,2
3231,2
3239,2
3240,2
3280,2
3294,2
3295,2
3296,2
3297,2
3302,2
3310,2
3318,2
3349,2
3361,2
3365,2
3368,2
3394,2
3398,2
3424,2
3427,2
3434,2
3436,2
3533,2
3541,2
3545,2
3563,2
3579,2
3580,2
3581,2
3582,2
3583,2
3584,2
3585,2
3592,2
3593,2
3596,2
3619,2
3635,2
3640,2
3661,2
3662,2
3710,2
3712,2
3719,2
3751,2
3752,2
3768,2
3772,2
3787,2
3810,2
3873,2
3874,2
3875,2
3899,2
3908,2
3929,2
4017,2
4020,2
4021,2
4116,2
4118,2
4121,2
4135,2
4149,2
4157,2
4187,2
4219,2
4238,2
4269,2
4297,2
4298,2
4309,2
4330,2
4331,2
4332,2
4333,2
4334,2
4335,2
4336,2
4337,2
4338,2
4339,2
4340,2
4341,2
4342,2
4363,2
4364,2
4370,2
4371,2
4372,2
4376,2
4381,2
4383,2
4384,2
4385,2
4386,2
4387,2
4393,2
4394,2
4395,2
4396,2
4398,2
4399,2
4400,2
4411,2
4413,2
4417,2
4434,2
4435,2
4439,2
4441,2
4442,2
4443,2
4447,2
4481,2
4488,2
4492,2
4508,2
4513,2
4527,2
4532,2
4540,2
4541,2
4580,2
47,28
48,7
606,7
607,7
760,7
1646,7
1792,7
1874,7
2195,7
2226,7
3424,7
3489,7
4319,7
4333,7
4336,7
4344,7
48,7
103,7
788,7
864,7
1133,7
1186,7
1387,7
1541,7
1561,7
1594,7
1706,7
2096,7
2610,7
2911,7
3056,7
3159,7
3211,7
3212,7
3284,7
3291,7
3651,7
3990,7
4583,7
4584,7
4585,7
4586,7
4587,7
4588,7
51,29
2422,29
52,30
53,30
54,30
947,30
948,30
1342,30
1733,30
1734,30
1804,30
1805,30
1815,30
2423,30
2424,30
4313,30
54,31
95,31
98,31
99,31
100,31
107,31
147,31
153,31
156,31
278,31
373,31
408,31
507,31
518,31
534,31
579,31
583,31
584,31
585,31
720,31
722,31
728,31
738,31
741,31
751,31
859,31
860,31
861,31
901,31
902,31
903,31
992,31
1031,31
1033,31
1055,31
1099,31
1158,31
1159,31
1222,31
1275,31
1276,31
1287,31
1421,31
1593,31
1633,31
1660,31
1757,31
1805,31
1823,31
1825,31
1826,31
2026,31
2049,31
2104,31
2166,31
2175,31
2543,31
2617,31
2618,31
2619,31
2756,31
2758,31
2759,31
2765,31
2799,31
2810,31
2836,31
2894,31
2988,31
3186,31
3187,31
3188,31
3645,31
3672,31
3673,31
3774,31
3952,31
4076,31
4239,31
4306,31
4370,31
4432,31
4456,31
4470,31
4544,31
4560,31
4561,31
4562,31
4563,31
4564,31
4565,31
4566,31
4567,31
4568,31
4569,31
4570,31
4571,31
4572,31
4573,31
4574,31
4575,31
4576,31
4589,31
4590,31
55,32
1081,32
2425,32
4004,32
56,19
71,19
72,19
953,19
1606,19
1812,19
2851,19
58,33
1814,33
2160,33
2614,33
3333,33
59,34
2431,34
60,34
2432,34
61,35
2434,35
62,36
2435,36
63,37
2436,37
64,38
2437,38
65,39
2438,39
66,40
2442,40
67,40
1187,40
2443,40
68,41
1574,41
1982,41
2487,41
2950,41
4040,41
4436,41
4493,41
69,31
619,31
2776,31
3818,31
70,42
71,2
234,2
246,2
290,2
343,2
344,2
501,2
556,2
570,2
845,2
850,2
851,2
906,2
950,2
1050,2
1125,2
1194,2
1246,2
1259,2
1299,2
1341,2
1349,2
1351,2
1352,2
1359,2
1409,2
1440,2
1441,2
1961,2
1967,2
2105,2
2348,2
2414,2
2419,2
2599,2
2699,2
2751,2
3143,2
3152,2
3158,2
3176,2
3207,2
3407,2
3481,2
3493,2
3502,2
3545,2
3574,2
3607,2
3641,2
3660,2
3674,2
3694,2
3766,2
3769,2
3791,2
3861,2
3874,2
3986,2
4133,2
4178,2
4215,2
4216,2
4217,2
4218,2
4219,2
4220,2
4221,2
4231,2
4235,2
4236,2
4237,2
4238,2
4239,2
4240,2
4241,2
73,43
74,8
75,8
74,2
1835,2
2586,2
2712,2
76,44
77,44
151,44
201,44
296,44
531,44
532,44
746,44
753,44
865,44
1736,44
1788,44
1810,44
1981,44
2093,44
2252,44
2390,44
2665,44
2854,44
3153,44
3154,44
3398,44
3434,44
4017,44
4142,44
4213,44
4214,44
4238,44
4268,44
4271,44
4272,44
4286,44
4300,44
4371,44
4372,44
4376,44
4381,44
4395,44
4396,44
4411,44
4421,44
4435,44
4445,44
4446,44
4465,44
4466,44
4492,44
4498,44
4500,44
4507,44
4508,44
4509,44
4511,44
4525,44
4526,44
4527,44
4528,44
4529,44
4532,44
4553,44
4559,44
77,44
77,2
395,2
425,2
476,2
492,2
540,2
962,2
1018,2
1064,2
1231,2
1450,2
1557,2
1649,2
1680,2
1742,2
1918,2
1920,2
1921,2
1922,2
1923,2
1924,2
1925,2
2319,2
2542,2
2558,2
2559,2
2711,2
2744,2
2745,2
2771,2
2813,2
2940,2
3564,2
3652,2
3729,2
3869,2
4158,2
4270,2
4271,2
4272,2
4377,2
4414,2
4431,2
4446,2
4448,2
4458,2
4509,2
4553,2
78,45
79,45
80,46
81,47
82,48
83,49
84,30
84,2
182,2
188,2
274,2
517,2
647,2
1510,2
1515,2
1526,2
1588,2
1802,2
1811,2
1941,2
2158,2
2245,2
2384,2
2486,2
2792,2
2945,2
3577,2
4095,2
4100,2
4101,2
4102,2
4103,2
4104,2
4105,2
4106,2
4107,2
4108,2
85,50
86,28
87,51
2083,51
2358,51
2364,51
2496,51
2498,51
3266,51
3267,51
87,2
88,2
236,2
449,2
3371,2
3698,2
4176,2
89,24
90,24
91,24
1076,24
2157,24
2609,24
92,52
93,53
94,54
95,55
96,56
98,41
100,41
107,41
2977,41
99,41
101,57
102,58
1304,58
103,59
104,2
239,2
469,2
1071,2
1413,2
1425,2
1589,2
1946,2
2931,2
3077,2
3088,2
3089,2
3090,2
3578,2
3699,2
4185,2
4258,2
105,46
1080,46
3248,46
3316,46
3317,46
3319,46
4283,46
4479,46
106,1
108,60
109,61
110,62
111,63
536,63
594,63
2105,63
2964,63
4215,63
111,2
112,2
113,2
114,2
116,2
2685,2
112,64
113,65
115,66
117,67
118,43
119,43
120,68
121,69
122,70
123,2
204,2
912,2
1633,2
1962,2
4380,2
4445,2
4490,2
4500,2
4507,2
4525,2
4539,2
123,7
124,71
125,71
126,72
127,73
128,73
129,73
130,73
3793,73
127,74
128,74
129,74
130,75
2761,75
3849,75
131,71
319,71
1285,71
1291,71
4302,71
4337,71
4339,71
131,76
134,76
2754,76
2760,76
3198,76
3199,76
3202,76
3203,76
3309,76
4198,76
4201,76
4302,76
4303,76
132,77
133,78
134,71
1573,71
2217,71
3194,71
4574,71
135,79
136,80
137,81
138,62
699,62
1283,62
1325,62
1618,62
4376,62
4377,62
4378,62
4384,62
4489,62
138,82
139,63
141,83
142,84
143,85
144,20
145,86
146,87
147,88
148,89
554,89
555,89
556,89
557,89
695,89
696,89
697,89
719,89
1065,89
1635,89
1778,89
2560,89
3083,89
3084,89
3482,89
3483,89
3484,89
3485,89
3487,89
3498,89
3499,89
3825,89
3826,89
3827,89
3828,89
4137,89
152,90
361,90
1345,90
1739,90
1975,90
3057,90
153,91
154,92
157,93
159,94
2059,94
160,95
519,95
737,95
1824,95
2766,95
3404,95
4258,95
161,96
162,97
163,98
164,99
165,100
165,2
171,2
418,2
1475,2
2148,2
2590,2
3529,2
166,101
345,101
605,101
608,101
611,101
612,101
167,2
316,2
419,2
440,2
594,2
598,2
634,2
785,2
826,2
830,2
1010,2
1303,2
1408,2
1602,2
1622,2
1674,2
1971,2
2149,2
2150,2
2602,2
2603,2
2787,2
2886,2
2930,2
3070,2
3071,2
3074,2
3075,2
3076,2
3278,2
3547,2
3573,2
3583,2
3584,2
3585,2
3586,2
3606,2
3615,2
3771,2
3800,2
3801,2
3802,2
3803,2
3804,2
3811,2
3812,2
3814,2
3850,2
3853,2
4007,2
4008,2
4009,2
4010,2
4011,2
4012,2
4013,2
4014,2
4015,2
4016,2
4019,2
4020,2
4021,2
4022,2
4023,2
4024,2
4026,2
4030,2
4032,2
4033,2
4034,2
4035,2
4036,2
4037,2
4038,2
4039,2
4040,2
168,102
168,102
168,41
458,41
459,41
460,41
1452,41
1459,41
1469,41
169,15
169,2
2146,2
4134,2
170,103
171,103
170,2
173,62
174,62
175,62
254,62
324,62
366,62
574,62
673,62
818,62
1489,62
1549,62
1937,62
2355,62
2388,62
2445,62
2673,62
2786,62
3110,62
3400,62
4116,62
4219,62
4269,62
4308,62
4379,62
4398,62
4410,62
4419,62
4468,62
4488,62
4490,62
176,104
176,105
177,106
177,107
179,107
1846,107
1880,107
1881,107
2178,107
178,108
179,106
180,109
181,110
182,9
186,9
187,9
188,9
491,9
182,111
280,111
281,111
282,111
341,111
622,111
877,111
1313,111
1453,111
1454,111
1455,111
1456,111
1460,111
1648,111
2842,111
2975,111
3402,111
3758,111
3770,111
3775,111
3776,111
3777,111
183,112
184,113
185,114
186,115
187,115
188,115
1951,115
1952,115
2020,115
2969,115
2970,115
4349,115
4350,115
4411,115
4412,115
186,2
4046,2
187,2
4050,2
189,116
197,116
190,116
190,117
197,117
198,117
191,118
193,2
1640,2
3949,2
3950,2
194,119
1098,119
1221,119
1419,119
1420,119
1592,119
1919,119
2025,119
2117,119
2118,119
2119,119
2392,119
2393,119
2394,119
2472,119
2647,119
2764,119
2833,119
2834,119
3184,119
3185,119
3299,119
3628,119
3720,119
3819,119
3820,119
3833,119
3834,119
3906,119
4177,119
4323,119
4324,119
4325,119
195,120
196,121
197,122
198,122
199,2
200,2
201,2
547,2
769,2
199,123
1201,123
202,2
203,7
204,7
750,7
205,107
206,2
1497,2
2445,2
2446,2
2447,2
2448,2
3091,2
3249,2
207,124
208,125
209,125
210,46
2659,46
210,126
211,127
212,119
221,2
225,2
226,2
402,2
1514,2
1740,2
1907,2
3989,2
3992,2
3993,2
3994,2
3995,2
3996,2
221,128
222,129
223,130
1612,130
3500,130
224,130
1620,130
225,131
226,132
227,133
228,2
229,134
230,2
231,2
232,7
233,135
235,2
905,2
987,2
1026,2
1068,2
1247,2
2140,2
2788,2
2797,2
3575,2
3696,2
4181,2
237,2
250,2
282,2
404,2
1378,2
1401,2
1428,2
1447,2
1565,2
1587,2
1969,2
2496,2
2498,2
2505,2
2506,2
2507,2
2508,2
2790,2
3148,2
3307,2
3900,2
4184,2
238,2
295,2
567,2
1970,2
2628,2
2629,2
2630,2
2631,2
2791,2
3609,2
240,136
241,2
242,135
243,8
1807,8
2037,8
2154,8
2847,8
4084,8
243,119
244,119
656,119
692,119
705,119
747,119
1089,119
1090,119
1093,119
1095,119
1396,119
1417,119
1688,119
1756,119
1762,119
2692,119
2713,119
2714,119
2715,119
3877,119
4385,119
244,137
625,137
769,137
770,137
771,137
772,137
965,137
969,137
1007,137
1135,137
1271,137
1397,137
1510,137
2155,137
2263,137
2529,137
2549,137
2652,137
2653,137
2677,137
2750,137
2752,137
2848,137
2849,137
2941,137
2961,137
3950,137
3986,137
3995,137
4077,137
4105,137
4106,137
4242,137
4245,137
4341,137
4434,137
4457,137
4458,137
4462,137
4532,137
245,128
247,0
443,0
1176,0
1180,0
1209,0
1539,0
1749,0
2023,0
2136,0
2189,0
2681,0
2694,0
2708,0
2739,0
2740,0
2746,0
2901,0
3135,0
3616,0
3912,0
4179,0
4328,0
4368,0
4373,0
4392,0
4394,0
4396,0
4404,0
4427,0
4454,0
4469,0
4513,0
248,2
423,2
426,2
445,2
1067,2
1426,2
1570,2
2476,2
2477,2
2482,2
2484,2
2485,2
2486,2
2487,2
2877,2
3868,2
3893,2
4174,2
251,2
3191,2
3767,2
252,138
253,2
254,139
255,140
256,46
260,46
1488,46
2927,46
2936,46
3617,46
3862,46
3891,46
257,141
430,141
467,141
514,141
3066,141
3097,141
3171,141
3182,141
258,142
261,0
264,2
2914,2
265,143
303,143
1207,143
1770,143
3639,143
4000,143
266,144
1773,144
1976,144
267,144
1772,144
268,2
1574,2
1778,2
1786,2
3617,2
269,145
1821,145
2021,145
4111,145
270,2
271,0
273,144
1980,144
275,146
276,147
278,148
280,2
422,2
424,2
452,2
562,2
848,2
849,2
1048,2
1146,2
1193,2
1200,2
1219,2
1257,2
1438,2
1439,2
1509,2
1555,2
1569,2
1873,2
2095,2
2167,2
2591,2
2592,2
2593,2
2594,2
2595,2
2596,2
2597,2
2599,2
2600,2
2601,2
2602,2
2603,2
2604,2
2605,2
2606,2
2607,2
2608,2
2609,2
2610,2
2611,2
2612,2
2613,2
2614,2
2615,2
2616,2
2617,2
2618,2
2619,2
2660,2
2684,2
2803,2
2857,2
2875,2
3146,2
3167,2
3669,2
3693,2
3711,2
3728,2
3776,2
3858,2
3904,2
3911,2
3932,2
4060,2
281,2
450,2
846,2
989,2
1586,2
2234,2
2237,2
2239,2
2880,2
3132,2
3426,2
3490,2
3777,2
4102,2
4183,2
283,149
284,150
285,151
286,151
287,74
1635,74
3084,74
3483,74
3499,74
3829,74
3830,74
3845,74
3855,74
3923,74
3931,74
288,11
289,152
291,44
292,153
293,153
295,154
296,155
590,155
778,155
1700,155
4526,155
297,127
967,127
1290,127
3396,127
298,153
299,127
1625,127
1638,127
1874,127
1927,127
2922,127
3220,127
3397,127
3489,127
3530,127
3533,127
3534,127
3535,127
3633,127
300,153
301,2
365,2
727,2
1168,2
2636,2
2963,2
2964,2
2965,2
2968,2
2969,2
2970,2
2977,2
2978,2
2979,2
3156,2
3636,2
4131,2
4149,2
302,156
2657,156
2664,156
2697,156
4026,156
304,157
1853,157
305,158
354,158
548,158
550,158
551,158
1083,158
1492,158
2298,158
2717,158
2732,158
2734,158
2742,158
2745,158
3115,158
3257,158
3471,158
3647,158
3879,158
4280,158
4329,158
4420,158
4568,158
306,7
1468,7
1705,7
2198,7
2223,7
2239,7
3133,7
3165,7
3166,7
3167,7
3168,7
4250,7
4273,7
4378,7
4398,7
4399,7
4400,7
307,159
308,159
309,160
310,31
311,117
312,117
1355,117
1796,117
2094,117
2113,117
4252,117
4253,117
4293,117
4311,117
313,2
314,2
315,2
1785,2
2151,2
2275,2
2605,2
2953,2
4060,2
317,161
318,162
4441,162
318,163
319,163
320,163
3229,163
4200,163
320,101
3789,101
4442,101
321,164
322,165
325,160
326,117
328,166
335,167
337,128
773,128
896,128
4067,128
4068,128
338,168
3491,168
339,128
774,128
897,128
1244,128
4057,128
4058,128
342,5
3779,5
343,169
906,169
1299,169
344,170
349,2
362,2
363,2
415,2
432,2
498,2
561,2
569,2
847,2
853,2
913,2
1024,2
1025,2
1047,2
1057,2
1063,2
1124,2
1143,2
1157,2
1187,2
1189,2
1218,2
1230,2
1232,2
1255,2
1400,2
1416,2
1436,2
1437,2
1498,2
1501,2
1554,2
1568,2
1677,2
1728,2
1818,2
1852,2
1862,2
1863,2
1864,2
1865,2
1866,2
1923,2
1943,2
1954,2
1966,2
2021,2
2109,2
2144,2
2164,2
2290,2
2293,2
2300,2
2371,2
2372,2
2373,2
2374,2
2375,2
2376,2
2380,2
2381,2
2382,2
2383,2
2384,2
2385,2
2386,2
2387,2
2388,2
2389,2
2392,2
2393,2
2394,2
2409,2
2410,2
2412,2
2413,2
2414,2
2415,2
2416,2
2417,2
2418,2
2419,2
2420,2
2421,2
2422,2
2423,2
2424,2
2425,2
2426,2
2427,2
2428,2
2429,2
2430,2
2431,2
2432,2
2433,2
2434,2
2435,2
2436,2
2437,2
2438,2
2439,2
2440,2
2441,2
2442,2
2443,2
2444,2
2592,2
2706,2
2761,2
2793,2
2794,2
2874,2
2899,2
3068,2
3111,2
3112,2
3145,2
3166,2
3255,2
3268,2
3562,2
3668,2
3692,2
3727,2
3857,2
3860,2
3889,2
3910,2
4118,2
351,171
353,2
354,158
355,172
3522,172
3525,172
3871,172
356,2
357,173
360,31
484,31
621,31
715,31
726,31
727,31
728,31
729,31
730,31
731,31
732,31
733,31
734,31
751,31
1866,31
2550,31
2551,31
2832,31
3774,31
4024,31
4572,31
364,118
847,118
848,118
849,118
850,118
851,118
1790,118
1943,118
2144,118
2151,118
2164,118
2413,118
2414,118
2415,118
2416,118
2417,118
2418,118
2419,118
2420,118
2421,118
2429,118
2619,118
364,174
371,174
676,174
685,174
828,174
845,174
846,174
847,174
848,174
849,174
850,174
851,174
852,174
853,174
854,174
1192,174
1659,174
1790,174
1819,174
1937,174
1943,174
1982,174
2022,174
2023,174
2024,174
2025,174
2026,174
2144,174
2164,174
2165,174
2355,174
2388,174
2413,174
2414,174
2415,174
2416,174
2417,174
2418,174
2419,174
2420,174
2421,174
2429,174
2440,174
2445,174
2555,174
2578,174
2615,174
2616,174
2979,174
4219,174
4238,174
4269,174
4316,174
4342,174
4368,174
4369,174
4380,174
4427,174
4428,174
4468,174
4469,174
4470,174
4488,174
367,175
1347,175
1354,175
1791,175
1978,175
3453,175
368,31
375,31
506,31
530,31
531,31
541,31
579,31
583,31
584,31
585,31
617,31
618,31
619,31
621,31
622,31
659,31
660,31
661,31
664,31
665,31
686,31
687,31
694,31
696,31
697,31
704,31
706,31
712,31
714,31
718,31
720,31
721,31
722,31
723,31
724,31
725,31
728,31
735,31
736,31
747,31
748,31
749,31
750,31
755,31
756,31
762,31
764,31
766,31
810,31
860,31
861,31
935,31
1031,31
1055,31
1103,31
1174,31
1210,31
1211,31
1275,31
1285,31
1286,31
1291,31
1757,31
1798,31
1843,31
1844,31
2254,31
2527,31
2559,31
2643,31
2693,31
2717,31
2718,31
2719,31
2720,31
2721,31
2722,31
2723,31
2724,31
2725,31
2726,31
2727,31
2728,31
2729,31
2730,31
2731,31
2732,31
2733,31
2734,31
2735,31
2736,31
2742,31
2745,31
2770,31
2844,31
2845,31
2988,31
3594,31
3595,31
3596,31
3644,31
3645,31
3672,31
3673,31
4142,31
4221,31
4337,31
4339,31
4365,31
4386,31
4389,31
4390,31
4495,31
4528,31
4560,31
4575,31
4576,31
370,176
3953,176
4273,176
4364,176
4494,176
4531,176
4541,176
371,177
2578,177
4468,177
4469,177
4470,177
372,178
373,62
2721,62
3405,62
374,179
375,176
1489,176
1490,176
1491,176
1492,176
1493,176
1494,176
1495,176
1496,176
376,180
377,111
822,111
2043,111
4207,111
377,2
379,2
380,2
536,2
1254,2
378,2
1928,2
1929,2
379,118
380,118
4038,118
380,7
789,7
1242,7
3655,7
4076,7
4398,7
4399,7
4400,7
381,62
1209,62
1282,62
4373,62
4392,62
4393,62
4394,62
4395,62
4396,62
4404,62
381,44
385,172
386,172
387,181
388,182
389,183
390,184
391,185
392,186
393,187
394,188
395,188
396,189
397,190
398,101
736,101
4419,101
4420,101
4421,101
398,188
399,42
400,52
402,191
402,192
405,193
406,46
764,46
765,46
766,46
866,46
1022,46
2641,46
2749,46
2750,46
4133,46
406,194
3703,194
407,88
408,88
3408,88
409,164
410,165
411,195
1707,195
1949,195
1952,195
2097,195
3087,195
3121,195
412,93
413,196
1003,196
1377,196
3516,196
414,35
415,35
417,197
418,46
1208,46
1483,46
1484,46
1485,46
1486,46
1487,46
1784,46
1785,46
1786,46
2604,46
2605,46
2630,46
437,2
605,2
608,2
611,2
612,2
699,2
715,2
829,2
881,2
920,2
929,2
1018,2
1066,2
1179,2
1525,2
1637,2
1638,2
1648,2
1649,2
1655,2
1656,2
1657,2
1659,2
1660,2
1687,2
1688,2
1702,2
1839,2
1840,2
2704,2
2713,2
3747,2
3769,2
3813,2
4310,2
437,198
438,124
439,2
494,2
496,2
532,2
674,2
677,2
684,2
698,2
706,2
1301,2
1575,2
1703,2
1744,2
1746,2
1963,2
2825,2
2826,2
2827,2
2828,2
2829,2
2830,2
2831,2
2832,2
2833,2
2834,2
2835,2
2836,2
2837,2
2841,2
2842,2
2844,2
2845,2
2846,2
2847,2
2848,2
2849,2
2850,2
2851,2
2852,2
2853,2
2854,2
2855,2
3406,2
3658,2
3667,2
3691,2
442,124
3162,124
444,2
2216,2
2217,2
2223,2
2224,2
2876,2
3116,2
4180,2
446,2
565,2
1020,2
1455,2
2626,2
2671,2
2672,2
2805,2
2878,2
452,199
823,199
904,199
1194,199
1687,199
1741,199
1923,199
2484,199
2626,199
2907,199
3249,199
453,13
2045,13
2356,13
2362,13
2626,13
4334,13
453,31
454,200
455,43
723,43
729,43
455,2
457,201
458,102
459,102
460,102
1452,102
1459,102
1469,102
458,102
461,2
3957,2
3969,2
3970,2
3971,2
4016,2
461,63
462,63
462,2
1027,2
4038,2
4076,2
4175,2
463,63
464,7
465,7
466,7
468,202
2316,202
2317,202
2318,202
2319,202
2320,202
475,103
476,203
477,204
478,205
479,172
480,158
481,158
481,2
482,31
483,31
484,31
483,206
484,206
485,117
486,207
488,43
489,208
668,208
490,208
492,209
646,209
654,209
689,209
690,209
711,209
712,209
813,209
814,209
815,209
868,209
869,209
870,209
871,209
872,209
873,209
1763,209
493,105
2308,105
3342,105
494,2
495,2
693,2
496,2
497,2
498,2
499,2
500,2
501,2
502,2
677,2
678,2
695,2
696,2
697,2
698,2
1631,2
2648,2
4538,2
497,2
554,2
560,2
606,2
635,2
650,2
713,2
721,2
848,2
850,2
852,2
893,2
913,2
961,2
1046,2
1145,2
1151,2
1217,2
1270,2
1273,2
1280,2
1309,2
1412,2
1434,2
1435,2
1486,2
1490,2
1508,2
1538,2
1550,2
1564,2
1693,2
1753,2
1790,2
2091,2
2094,2
2095,2
2096,2
2097,2
2098,2
2099,2
2100,2
2101,2
2102,2
2103,2
2105,2
2108,2
2109,2
2113,2
2114,2
2115,2
2117,2
2118,2
2119,2
2120,2
2121,2
2122,2
2123,2
2124,2
2125,2
2139,2
2140,2
2142,2
2143,2
2144,2
2145,2
2149,2
2150,2
2151,2
2152,2
2153,2
2154,2
2155,2
2156,2
2157,2
2158,2
2159,2
2160,2
2161,2
2162,2
2163,2
2164,2
2165,2
2166,2
2167,2
2168,2
2416,2
2658,2
2681,2
2682,2
2689,2
2700,2
2705,2
2728,2
2798,2
2873,2
3067,2
3078,2
3165,2
3367,2
3690,2
3856,2
3859,2
3909,2
502,2
1573,2
2870,2
2871,2
503,210
2643,210
503,211
504,212
708,212
505,213
506,214
711,214
864,214
1757,214
3056,214
4331,214
4565,214
506,44
507,44
688,44
725,44
731,44
752,44
753,44
754,44
755,44
756,44
757,44
758,44
760,44
761,44
864,44
976,44
1278,44
1280,44
1281,44
1282,44
1283,44
1284,44
1285,44
1286,44
1287,44
1290,44
1291,44
1828,44
1957,44
1974,44
2019,44
2020,44
2720,44
2731,44
2733,44
2798,44
2837,44
2860,44
2862,44
3594,44
4350,44
4412,44
4430,44
4431,44
4432,44
4434,44
507,215
534,215
723,215
724,215
725,215
726,215
727,215
728,215
729,215
730,215
731,215
732,215
733,215
734,215
739,215
765,215
766,215
2104,215
3410,215
3411,215
4432,215
4495,215
509,216
510,217
511,42
512,42
513,117
516,218
518,43
519,43
520,219
522,205
523,117
524,158
528,208
543,208
529,43
530,43
531,43
532,43
533,200
534,43
724,43
730,43
535,219
537,220
541,31
542,31
660,31
661,31
664,31
665,31
666,31
2800,31
544,221
545,222
546,223
547,43
554,43
555,43
556,43
557,43
547,43
548,224
549,224
550,225
552,225
551,226
553,226
574,226
575,226
558,227
559,227
560,227
561,227
562,227
563,227
564,227
565,227
566,227
567,227
564,119
1088,119
1092,119
2171,119
2172,119
568,228
569,228
570,228
571,228
572,224
573,227
576,229
577,2
578,230
578,230
579,231
580,7
581,7
582,7
583,43
584,43
585,43
586,2
1689,2
587,2
2972,2
2973,2
2974,2
589,232
591,233
1166,233
1173,233
592,234
780,234
592,31
593,31
765,31
862,31
3405,31
3406,31
3407,31
3408,31
3409,31
3410,31
3411,31
593,234
781,234
795,234
596,235
3302,235
3304,235
597,2
642,2
3421,2
600,236
601,237
602,236
603,237
604,237
651,237
605,176
611,176
612,176
2161,176
4422,176
606,101
607,101
1205,101
3365,101
608,238
609,239
628,239
636,239
679,239
884,239
1716,239
610,24
632,24
768,24
782,24
783,24
784,24
1513,24
1809,24
2886,24
610,2
632,2
768,2
3394,2
3395,2
3396,2
3397,2
3399,2
3400,2
3402,2
3404,2
613,2
648,2
614,240
615,241
616,242
2562,242
617,243
618,243
620,2
621,31
623,244
856,244
626,31
626,9
627,9
627,31
735,31
2375,31
2704,31
2705,31
2706,31
2707,31
2708,31
2709,31
2710,31
3179,31
4344,31
629,239
631,239
637,239
653,239
702,239
767,239
831,239
885,239
1204,239
630,245
633,246
634,247
634,248
635,247
717,247
941,247
1000,247
2124,247
2742,247
3592,247
3593,247
3594,247
3595,247
3596,247
4026,247
635,249
717,249
638,250
639,251
796,251
3196,251
640,252
3435,252
641,253
643,254
643,15
643,255
645,255
644,209
655,209
656,209
688,209
812,209
1010,209
645,15
645,254
649,256
827,256
1605,256
650,243
657,31
657,54
737,54
738,54
4423,54
658,257
823,257
1865,257
2471,257
3272,257
659,258
659,31
711,31
712,31
713,31
714,31
715,31
721,31
2754,31
2755,31
2760,31
662,158
1917,158
4567,158
667,208
669,208
670,259
671,259
672,175
673,175
674,0
675,0
676,0
680,260
681,261
682,262
683,263
684,44
685,44
744,44
748,44
749,44
750,44
751,44
788,44
863,44
1271,44
1272,44
1273,44
1275,44
1276,44
2715,44
687,264
690,265
4358,265
691,266
692,101
694,267
700,268
701,266
704,269
707,270
3469,270
710,271
710,272
715,273
716,62
1951,62
1956,62
2516,62
3095,62
3114,62
4349,62
4397,62
4520,62
716,274
718,46
718,43
2720,43
2731,43
2839,43
3594,43
720,275
722,276
1633,276
1660,276
1823,276
2166,276
2175,276
4571,276
726,210
739,210
728,277
732,153
733,210
3410,210
4495,210
4571,210
734,192
3411,192
735,214
739,31
909,31
1898,31
3187,31
3656,31
4579,31
4580,31
4581,31
4582,31
740,278
741,279
2049,279
742,280
743,44
744,44
745,44
746,44
862,44
1270,44
747,281
749,7
756,282
763,282
757,127
812,127
815,127
866,127
870,127
2195,127
2321,127
3105,127
759,44
761,81
4330,81
762,46
763,46
769,274
770,283
771,284
772,274
775,285
776,286
777,287
779,288
782,289
783,289
784,289
786,290
2887,290
2888,290
787,291
790,7
1466,7
1560,7
1561,7
1591,7
1942,7
2910,7
3182,7
3183,7
3283,7
3654,7
3689,7
4138,7
4344,7
4417,7
4438,7
4439,7
794,292
932,292
3155,292
797,293
798,294
799,102
800,295
2662,295
2663,295
2664,295
802,229
803,229
804,296
3657,296
805,297
806,298
3201,298
806,282
807,299
808,300
809,123
810,123
1762,123
811,123
814,127
868,127
816,301
817,302
819,128
1138,128
820,128
1139,128
821,303
824,304
1832,304
2889,304
828,31
832,117
2554,117
2741,117
4328,117
4529,117
4530,117
833,305
2753,305
834,306
835,0
836,0
837,0
1227,0
1234,0
1527,0
1528,0
1529,0
1530,0
1531,0
1532,0
1682,0
1683,0
1684,0
838,254
838,307
839,307
838,308
839,308
839,272
840,309
2268,309
841,310
2466,310
842,310
4437,310
843,180
844,311
845,312
846,312
847,312
848,312
849,312
850,312
851,312
852,312
853,312
854,312
855,192
855,2
3550,2
3570,2
857,62
859,313
860,313
861,313
862,43
867,183
869,127
871,127
1079,127
1471,127
872,127
873,127
874,314
876,315
878,316
1765,316
3263,316
3265,316
4218,316
880,7
882,44
883,44
886,2
886,317
889,318
890,8
925,8
926,8
927,8
935,8
1376,8
1836,8
2696,8
895,319
898,117
899,320
900,321
901,322
1825,322
2617,322
902,323
1826,323
2618,323
4544,323
903,323
904,2
1902,2
3109,2
3149,2
907,324
910,325
912,326
914,2
915,327
2577,327
916,328
918,2
1979,2
2073,2
2182,2
918,329
920,329
937,329
938,329
1335,329
3206,329
3208,329
3211,329
919,6
921,144
922,144
923,2
924,2
925,2
926,2
927,2
928,2
1647,2
1837,2
1838,2
3642,2
3872,2
923,330
3993,330
4100,330
924,8
1526,8
925,331
926,331
927,331
928,8
1514,8
1515,8
929,332
930,333
931,334
936,335
939,336
3209,336
3212,336
940,337
943,2
944,338
949,339
2883,339
2884,339
952,340
3059,340
955,128
1820,128
3467,128
3952,128
956,341
958,342
959,342
960,342
961,342
962,342
1011,342
963,343
963,127
964,127
965,127
966,127
967,127
968,127
969,127
1065,127
1898,127
2307,127
3590,127
4160,127
966,127
970,127
970,15
2643,15
2662,15
2663,15
2668,15
4199,15
4202,15
971,344
972,344
973,345
974,346
975,346
976,347
977,127
978,127
979,127
981,127
1899,127
1900,127
1901,127
1902,127
1903,127
1904,127
1905,127
979,43
981,43
3163,43
980,127
2389,127
2870,127
3481,127
3482,127
3483,127
3484,127
3828,127
4159,127
982,127
983,348
984,349
985,350
986,351
989,352
1760,352
1920,352
2121,352
3456,352
3490,352
990,27
991,353
992,354
993,355
3701,355
3702,355
993,356
994,356
995,356
996,356
997,356
998,356
999,356
3751,356
994,357
996,357
998,357
4203,357
4205,357
995,358
997,358
999,358
4204,358
4206,358
1000,359
1001,360
1002,361
1296,361
2588,361
1004,362
1005,362
1006,362
1007,362
1008,363
1009,364
1012,365
3113,365
1014,327
1015,366
1016,11
1017,147
2237,147
2361,147
4118,147
4231,147
4320,147
1018,367
2648,367
2649,367
2652,367
2653,367
3873,367
1019,368
2666,368
1021,41
1026,369
1425,369
1027,370
1028,371
1029,372
1030,372
1031,372
1032,372
1033,372
1029,373
1034,374
1035,375
1036,374
1037,375
1038,375
1039,374
1040,375
1041,374
1042,375
1043,374
1044,370
1045,370
1046,370
1047,370
1048,370
1049,370
1050,370
1051,370
1431,370
1433,370
1435,370
1437,370
1439,370
1441,370
1442,370
1724,370
1052,372
1053,372
1054,372
1055,372
1056,372
1057,376
1058,376
1059,376
1060,376
1061,377
1062,35
1063,35
1066,378
1067,378
1068,378
1069,2
1070,2
3542,2
1073,379
1074,380
2924,380
1077,24
2153,24
2159,24
2608,24
2611,24
3036,24
3037,24
3038,24
3039,24
1078,46
1082,361
3191,361
1087,119
1091,119
1100,119
1089,381
1093,381
1233,381
1480,381
2754,381
2760,381
1094,382
1096,31
1102,31
2174,31
2175,31
3713,31
1097,41
1372,41
1106,383
1107,2
3629,2
1107,384
1108,385
1109,41
1110,41
1111,59
1112,59
1113,386
1114,387
1115,387
1116,387
1117,387
1118,388
1119,389
1120,389
1121,389
1122,389
1123,368
1124,368
1125,368
1126,368
1127,179
1128,179
1129,179
1130,179
1131,179
1132,390
1133,59
1134,391
1202,391
1508,391
1509,391
1135,361
1136,361
1137,128
1140,2
3123,2
3626,2
3960,2
3962,2
3978,2
1141,388
1142,388
1143,391
1523,391
1144,391
1145,391
1146,391
1524,391
1147,392
2078,392
1148,393
1149,393
1150,394
2908,394
1151,393
1152,393
1153,394
1155,394
1750,394
1154,394
1751,394
2909,394
1156,127
1157,59
1158,59
1159,59
1160,395
1161,29
1883,29
1162,395
1163,29
1164,127
1165,387
1172,7
1179,396
1180,396
1659,396
2615,396
4427,396
4428,396
1181,387
1182,387
1183,387
1184,387
1185,387
1819,387
2165,387
2440,387
2555,387
2616,387
4342,387
4368,387
4369,387
1188,391
1189,391
1507,391
1549,391
1550,391
1551,391
1552,391
1553,391
1554,391
1555,391
1732,391
1801,391
1190,397
1191,13
1192,2
1193,282
3739,282
1193,282
1195,74
1195,2
1692,2
2048,2
2049,2
2688,2
1196,0
1197,0
1198,2
1199,2
1200,20
1203,398
1206,118
1208,2
1784,2
1873,2
2513,2
2604,2
2630,2
1210,399
1211,399
1212,11
1458,11
3939,11
3948,11
1214,50
1215,50
1216,7
2785,7
2786,7
2787,7
2788,7
2789,7
2790,7
2791,7
2792,7
2871,7
1217,7
1218,7
1219,7
1220,7
1221,7
1222,7
1954,7
2797,7
2798,7
1223,400
1224,401
1225,402
1226,403
1239,319
1240,404
1241,405
1242,7
1243,406
1245,2
1249,219
1249,407
3222,407
3841,407
1250,408
1251,408
1252,11
1253,238
2052,238
1254,409
1255,71
1256,410
1257,24
1258,24
1259,24
1260,411
1984,411
1261,411
1985,411
1262,411
1986,411
1263,412
1264,413
1265,74
1266,8
1267,8
1267,117
2946,117
4080,117
4081,117
4082,117
4083,117
4084,117
1268,414
1269,44
1274,415
1275,8
2036,8
2427,8
4083,8
4338,8
1277,416
1279,44
1286,71
1288,44
1289,44
2863,44
1292,417
1293,418
1294,419
1295,420
1297,421
1298,422
1302,423
1304,424
1305,425
1306,264
2719,264
1307,209
1644,209
1308,316
1311,316
1309,426
1310,426
1312,427
1313,428
2975,428
1314,297
1315,429
1315,430
3079,430
1316,46
1406,46
1867,46
1316,431
2589,431
4400,431
4525,431
1317,432
1322,2
2019,2
1324,327
1776,327
2575,327
2576,327
1326,74
3446,74
1327,0
1692,0
1693,0
1694,0
2196,0
4494,0
1328,433
1332,434
1338,2
1353,2
1700,2
1725,2
1782,2
1339,2
1343,435
1344,436
1348,175
1349,13
1350,13
1351,13
1352,13
2610,13
2703,13
2824,13
2830,13
2831,13
3899,13
4363,13
4364,13
4365,13
4408,13
1350,155
4214,155
1357,30
1816,30
1929,30
2428,30
3856,30
3857,30
3858,30
4107,30
4322,30
1358,31
2813,31
1359,437
1360,437
1362,316
1363,438
1364,439
1365,69
1366,440
1367,441
1368,442
1369,442
1370,443
1371,444
1372,445
1374,446
1375,446
1376,447
1378,128
1379,448
1380,449
1382,450
1383,451
1384,452
1385,453
1386,15
1386,454
3229,454
3230,454
1387,209
1388,455
1389,456
1390,457
1391,458
1392,20
1394,20
1682,20
4295,20
4296,20
1392,459
1393,459
1683,459
1393,20
1684,20
1892,20
4296,20
1394,459
1395,460
1398,112
1399,46
1402,461
1404,462
2544,462
1405,8
2464,8
1411,463
2675,463
2676,463
3204,463
3543,463
1411,464
1412,464
1754,464
1755,464
2123,464
3198,464
3200,464
3202,464
3543,464
1414,465
1424,466
1424,466
1426,371
1427,371
1428,371
1427,2
3046,2
3267,2
1429,467
1430,468
1432,370
1434,370
1436,370
1438,370
1440,370
1443,469
1444,470
1445,377
1446,166
1447,378
1448,471
1451,472
1875,472
1456,24
1596,24
2237,24
2361,24
4231,24
4303,24
4320,24
4443,24
1457,11
3947,11
1461,473
1462,474
1665,474
1666,474
1667,474
1668,474
1669,474
1463,475
1464,205
1467,476
1467,146
1468,146
1470,127
1472,127
1474,477
1475,100
1476,381
1477,381
1497,381
1498,381
1499,381
1500,381
1482,478
1483,2
1484,2
1901,2
2041,2
2043,2
2044,2
1491,117
1493,117
1656,117
4452,117
1494,117
3120,117
1495,25
1496,13
3122,13
1499,2
1687,2
1505,479
1506,391
1510,118
1511,480
1512,481
3620,481
1513,59
1516,101
1517,482
1518,483
3622,483
1519,483
2191,483
1520,483
1521,483
1522,483
3623,483
1533,482
1542,484
2283,484
1542,31
1753,31
1759,31
2061,31
2122,31
2125,31
2276,31
2283,31
2285,31
1543,485
1547,486
1548,486
1556,487
1558,488
1559,489
1560,489
1561,489
1562,490
2064,490
2065,490
2066,490
1563,491
1566,2
3308,2
1573,2
1575,492
1576,492
1746,492
1577,493
1578,11
1580,494
1580,146
1580,495
1581,496
1582,496
1583,497
3684,497
3714,497
3784,497
3918,497
3934,497
3941,497
1595,7
1957,7
1597,44
1598,361
1599,361
1600,498
1601,499
1602,500
1602,2
1603,501
1604,124
1606,2
1607,2
1625,2
1626,2
1627,2
1643,2
1644,2
1645,2
1646,2
1647,2
2802,2
1607,502
1608,2
1630,2
2670,2
2891,2
2937,2
3125,2
3126,2
3127,2
3128,2
3572,2
3605,2
3618,2
3634,2
3724,2
3792,2
3796,2
3798,2
3799,2
3957,2
3959,2
3961,2
3962,2
3963,2
3964,2
3965,2
3966,2
3967,2
3979,2
3980,2
3981,2
3989,2
4011,2
4048,2
4049,2
4054,2
4066,2
1608,128
3724,128
3798,128
3799,128
3800,128
3964,128
3965,128
3966,128
1609,503
1610,158
1611,130
1619,130
1613,504
1614,504
1615,504
1616,504
1617,504
1621,505
1622,2
1623,2
1624,2
1650,2
1651,2
1652,2
1653,2
1833,2
2649,2
3725,2
3781,2
3808,2
1626,89
1722,89
2108,89
2337,89
2469,89
2470,89
2471,89
2472,89
2596,89
2826,89
1626,117
1722,117
2106,117
2107,117
2108,117
2337,117
2378,117
2379,117
2467,117
2468,117
2469,117
2470,117
2471,117
2472,117
2596,117
2826,117
1627,71
1628,506
1629,2
1630,128
1632,50
1634,361
1635,127
3825,127
1636,127
1637,507
1835,507
2558,507
1639,90
1641,508
1641,171
1642,171
1642,508
1647,509
1648,2
1649,510
3112,510
3116,510
3118,510
1651,23
1718,23
4013,23
1654,511
1655,512
1708,512
2048,512
2099,512
2345,512
2363,512
2373,512
2593,512
3175,512
3185,512
1658,90
1661,513
1662,361
1663,474
1664,474
1670,44
1671,44
1672,514
1673,515
1674,128
1675,516
1676,39
1677,39
1678,517
1679,484
1680,305
1681,518
1685,238
1686,436
1689,519
1690,8
1691,8
1692,520
1693,520
1694,520
1829,520
2167,520
2613,520
4417,520
4418,520
4429,520
4439,520
1695,2
3913,2
1696,262
1697,42
2553,42
1698,521
1699,522
1711,523
1712,524
1713,525
1714,526
1715,527
1717,378
1720,528
3210,528
4015,528
1726,71
1729,11
1731,117
1735,13
1953,13
2778,13
2779,13
2780,13
2781,13
2782,13
1736,2
1737,529
1738,90
1741,2
2337,2
2345,2
1744,492
1745,492
1747,158
1747,530
1748,530
1749,530
1752,62
1758,195
1761,531
2872,531
2873,531
2874,531
2875,531
2876,531
2877,531
2878,531
2879,531
2880,531
1764,532
1765,533
1766,534
1767,535
1768,535
1769,535
1774,27
1777,536
3493,536
1778,332
1779,2
2412,2
3908,2
1783,305
1817,305
1787,62
4033,62
1788,71
1810,71
1789,158
1977,158
1793,175
1795,117
3222,117
3324,117
1799,537
3257,537
3258,537
3259,537
1800,538
1803,403
1806,539
1818,539
2439,539
3455,539
1807,13
1808,13
2154,13
2155,13
2529,13
2847,13
2848,13
1808,137
1811,146
2158,146
2486,146
4108,146
4110,146
1813,19
2858,19
2859,19
1822,540
2075,540
1827,25
1829,25
4363,25
1830,541
1831,541
2854,541
2855,541
4409,541
4435,541
1834,2
1836,2
1837,542
1838,132
3801,132
3810,132
1841,543
1842,544
1843,31
1844,31
1845,157
3244,157
1846,106
1847,545
1848,109
1849,546
1850,483
1851,38
1852,38
1854,547
1855,548
1856,7
1856,8
1857,420
1858,549
1859,46
1860,550
1861,551
1862,552
1863,552
1864,552
1865,552
1866,552
1867,553
1868,550
1870,550
2313,550
3864,550
1869,554
1871,554
1872,316
1873,46
1874,127
1876,555
1877,44
1878,484
1879,268
1880,106
1881,106
1882,395
1884,29
1885,516
1886,420
1887,0
1888,0
1889,0
1890,0
1891,0
2639,0
2759,0
1889,71
4334,71
1893,550
1894,554
1895,419
1896,504
1897,44
2533,44
1906,556
1907,192
1908,557
1909,557
1910,558
1911,559
1912,558
1913,558
1914,557
1915,557
1916,0
1919,560
2978,560
1919,2
1921,561
1922,562
1925,41
2224,41
2485,41
2541,41
2542,41
2607,41
1926,563
1927,564
1930,127
1932,152
1934,565
2380,565
2489,565
4345,565
1936,2
1938,90
1939,90
1940,144
1948,312
2850,312
4072,312
4410,312
1949,115
1956,115
1950,563
1955,115
1955,31
1958,566
1960,567
1961,568
1972,541
1973,569
1981,71
3754,71
3755,71
1982,570
1983,411
1987,571
1988,166
1989,572
1990,361
1991,573
1992,541
3780,541
1996,574
1997,217
1998,575
2002,576
2003,577
2004,578
2005,579
2006,580
2007,404
2008,581
2009,582
2010,583
2011,411
2012,584
2013,398
2014,476
2015,585
2016,476
2018,2
2020,2
2022,586
2023,586
2024,586
2025,586
2026,586
2027,62
2028,587
2029,74
2030,588
2031,588
2032,550
2033,127
2034,2
2035,2
2036,2
2037,2
2034,8
2038,589
2039,590
2040,591
2041,592
2042,593
2044,594
2228,594
4416,594
4460,594
4520,594
2045,2
2046,11
2047,173
2050,595
2051,238
2053,18
2054,2
2054,9
2055,338
2056,10
2057,10
2058,11
2059,2
2060,2
3766,2
3767,2
2061,596
2062,597
2063,490
2065,598
2067,599
2068,600
2069,490
2070,2
2071,10
2072,601
2074,118
2263,118
2076,8
2077,602
2079,602
2080,8
2081,603
2082,557
2083,2
2084,604
2085,2
2086,585
2087,2
2088,534
2089,2
2090,262
2091,286
2092,605
2093,155
2094,2
2098,2
2216,2
2372,2
2476,2
3158,2
3174,2
2102,606
2103,606
2139,606
2140,606
2348,606
2599,606
2600,606
3674,606
3675,606
3676,606
3677,606
4008,606
2104,607
2106,608
2107,608
2110,609
2111,90
2112,90
2115,31
2116,2
2120,393
3459,393
3461,393
2124,610
3592,610
2126,604
2127,534
2128,585
2129,152
2130,152
2131,611
2132,612
2133,535
2134,613
2135,535
2136,612
2137,50
2138,143
2139,2
2141,588
2143,614
2144,7
2164,7
2419,7
2420,7
2429,7
2146,615
2147,616
2148,617
2149,618
2150,618
2602,618
2603,618
3583,618
3584,618
3585,618
3586,618
4019,618
4020,618
4021,618
4022,618
4023,618
4032,618
2156,431
4450,431
4451,431
2162,115
2430,115
2515,115
2516,115
2162,619
2430,619
2163,620
2168,118
2444,118
2169,173
2170,7
2171,621
3282,621
3283,621
3284,621
2173,622
2176,623
2177,157
2178,106
2179,157
2180,419
2181,624
2181,8
2182,8
2183,8
2184,90
2185,625
2186,626
2187,550
2188,117
2189,62
2190,0
2192,420
2193,127
2194,47
2195,627
2196,176
2197,176
2198,176
2199,628
2200,558
2201,558
2202,173
2203,311
2204,117
2205,117
2206,629
2207,117
2208,630
2209,143
2210,143
2211,476
2212,117
2213,29
2214,631
2215,2
2218,2
2219,611
2220,50
2221,588
2222,2
2225,2
2226,7
2227,7
2228,7
2229,7
2230,7
4117,7
2227,520
4314,520
4340,520
4541,520
2229,632
3949,632
2230,633
4461,633
2231,634
2232,2
2233,2
2235,2
2236,611
2238,2
2240,7
2241,7
2242,118
2243,635
2244,30
2245,30
2246,476
2247,71
2248,32
2249,636
2250,637
2251,638
2252,71
2253,629
2254,639
2255,639
2255,95
2736,95
2756,95
2757,95
2758,95
2759,95
4241,95
2256,639
2257,612
2258,612
2259,13
2260,71
2261,24
2262,7
2264,118
2265,640
2266,47
2267,47
2269,612
2270,535
2271,535
2272,535
2273,535
2274,641
2275,509
2277,642
2278,643
2279,263
2280,490
2281,644
2282,21
2284,72
2285,645
4129,645
2286,566
2287,646
2288,647
2294,648
2295,649
2296,650
2540,650
2296,651
2297,403
2301,652
2303,653
2305,5
2306,654
2309,655
2311,550
3101,550
2312,550
3102,550
3863,550
2314,550
3103,550
3865,550
2315,127
3104,127
2316,2
2318,2
2322,2
2323,2
2324,2
2332,2
2333,2
2334,2
2335,656
2336,2
2348,2
2336,2
2338,657
2339,658
2340,658
2341,658
2343,2
2343,2
2344,44
2346,45
2347,2
2349,10
2350,71
2351,659
2352,660
2353,44
2354,238
2355,2
2356,2
2358,2
2361,2
2362,2
2366,2
2415,2
2429,2
3601,2
3750,2
3757,2
2357,2
2359,152
2360,143
2363,2
2364,2
2449,2
2365,2
2366,2
2367,661
3502,661
2367,2
2368,11
2369,2
2370,662
2377,22
2378,608
2379,608
2382,663
2383,664
2390,2
2391,90
2395,611
2396,612
2397,619
2398,665
2399,665
2400,666
2401,665
2402,665
2403,667
2404,668
2405,613
2406,535
2407,143
2408,27
2409,46
2451,46
2637,46
2411,588
2417,2
2420,2
3695,2
4173,2
2433,35
2446,2
2448,669
2450,670
2450,31
2451,31
2783,31
2451,509
2783,509
3596,509
2452,671
2453,672
2454,673
2455,117
2456,44
2457,44
2458,44
2459,44
2460,44
2461,46
2462,674
2463,628
2465,47
2467,608
2468,608
2473,9
2473,675
2474,628
2475,173
2478,2
3111,2
2478,434
2479,612
2480,535
2481,144
2483,588
2488,2
2488,676
2489,2
2490,2
3266,2
3610,2
2490,676
2491,11
2492,11
2493,673
2494,628
2495,628
2497,2
2499,677
2500,678
2501,611
2502,667
2503,144
2504,144
2505,11
2506,2
2507,2
3164,2
2509,160
2510,605
2511,160
2512,160
2513,7
2513,7
2514,679
2515,619
2517,680
2518,162
2518,560
2519,31
2520,681
2521,681
2520,682
2521,682
2520,2
2522,683
2523,411
2524,602
2525,411
2526,557
2527,13
2528,520
2530,684
2531,685
2533,685
2531,44
2532,557
2534,44
2535,686
2536,419
2537,184
2538,185
2539,183
2540,369
2543,41
2544,13
2545,5
2546,5
2547,5
2550,15
2551,15
2552,662
2557,687
2561,688
2563,52
2564,689
2565,690
2568,691
2569,262
2570,674
2571,674
2572,327
2573,692
2574,692
2578,2
2773,2
2579,693
2580,694
2581,695
2582,696
2583,74
2584,45
2585,697
2587,698
2589,2
2917,2
2590,100
2598,144
2606,699
4375,699
2610,2
2619,2
2620,361
2621,46
2622,700
2622,701
2623,137
2902,137
2903,137
2624,702
2625,288
2627,2
2629,703
2632,462
2633,704
2634,144
2635,705
3124,705
2635,7
2636,46
2638,46
3525,46
2640,44
2677,44
2642,706
2644,706
2642,272
2643,332
2644,707
2645,708
2646,708
2647,708
2650,163
2651,163
2654,163
2655,163
2655,31
2656,709
2658,710
2659,711
2660,711
2661,711
2660,119
2661,119
2662,367
2663,367
2665,52
2667,332
2674,31
2678,712
2679,712
2680,713
2686,714
2698,249
2702,313
2711,8
2716,715
2718,43
2722,137
2723,137
2725,716
2904,716
2726,155
4286,155
2730,717
2735,718
3595,718
2737,43
2738,43
2743,712
2751,118
2752,118
2761,2
3895,2
2762,43
4499,43
2767,719
2768,240
2774,720
2775,13
2776,214
2777,721
2783,46
2784,722
2785,2
2793,723
2794,389
2795,724
2796,725
2799,119
2801,726
2802,727
2803,727
2804,727
2805,11
2806,11
2807,11
2808,2
2809,2
2810,7
2811,2
2812,6
2814,392
2815,16
2816,484
2817,395
2818,29
2819,484
2820,721
2821,484
2822,2
2823,728
2824,155
2827,2
2828,541
2838,729
2839,6
2840,6
2843,175
2846,46
2849,146
2853,730
2856,6
2856,2
3875,2
2857,7
2860,44
2861,484
2862,44
2863,44
2864,731
2865,2
2866,732
2867,0
2868,2
2869,2
2881,733
2882,24
2885,734
2893,735
2894,736
2895,737
2896,2
2897,2
2898,2
3217,2
2898,46
2906,738
2913,46
2915,739
2916,13
2923,13
2917,422
2920,13
2954,13
2921,740
2922,740
2921,127
2925,0
2926,0
2929,7
3287,7
3587,7
3604,7
3612,7
2932,741
3759,741
2935,46
2940,7
2942,172
2945,742
2946,743
3288,743
2947,0
2948,2
2949,2
2950,2
2951,744
3086,744
2952,745
2956,619
2957,2
2958,2
2959,2
2960,2
2961,2
2962,11
2965,746
3204,746
3205,746
2966,2
2967,2
2971,2
2973,71
2974,509
2976,2
2980,2
2982,7
2983,407
2984,407
2985,11
2988,117
2989,62
2990,127
2991,117
2992,316
2993,316
2994,297
2995,297
2996,297
2997,9
2998,127
3001,0
3002,158
3003,297
3004,195
3005,605
3006,2
3007,7
3008,11
3009,11
3010,747
3011,2
3012,2
3014,30
3014,2
3549,2
3918,2
3015,7
3016,497
3017,7
3018,41
3019,748
3678,748
3824,748
3020,497
3021,25
3022,749
3023,115
3024,27
3025,146
3026,665
3027,665
3028,668
3029,668
3030,666
3031,666
3032,666
3033,666
3034,750
3035,751
3040,25
3041,394
3043,462
3044,752
3045,613
3046,753
3047,81
3048,27
3049,27
3050,27
3051,27
3052,754
3055,20
3058,6
3060,755
3062,756
3064,2
3065,2
3071,649
3072,649
3071,744
3072,744
3073,757
3075,758
3078,2
3079,429
3081,759
3083,627
3084,627
3826,627
3083,74
3482,74
3498,74
3721,74
3815,74
3825,74
3826,74
3827,74
3828,74
3937,74
3088,171
3319,171
3089,760
3316,760
3090,171
3317,171
3093,140
3094,761
3094,146
3119,146
3100,762
3106,554
3107,554
3108,556
3109,763
3117,62
3129,367
3136,764
3137,764
3138,765
3139,2
3140,2
3139,761
3141,766
3142,319
3143,170
3144,7
3145,7
3146,7
3147,7
3148,7
3149,767
3150,392
3151,158
3152,768
3153,2
3154,2
3161,769
3161,770
3161,2
3163,303
3169,771
3172,772
3189,361
3190,361
3194,2
3195,321
3197,12
3290,12
3338,12
3197,477
3289,477
3199,773
3201,773
3203,773
3200,774
3205,463
3206,0
3214,775
3215,776
3216,777
3217,337
3219,778
3220,779
3221,780
3222,464
3223,464
3224,464
3223,781
3225,782
3226,783
3227,784
3228,785
3228,786
3230,623
3231,649
3552,649
3233,787
3234,788
3235,789
3236,601
3237,790
3238,791
3239,792
3240,792
3541,792
3241,793
3242,794
3245,795
3246,796
3247,797
3248,198
3249,198
3250,798
3251,799
3253,711
3254,800
3255,800
3256,537
3258,801
4270,801
3260,537
3261,802
3262,780
3263,803
3264,804
3265,533
3268,800
3269,291
3270,805
3271,806
3272,807
3273,291
3274,808
3275,809
3276,810
3276,2
3277,291
3278,778
3279,778
3280,811
3281,407
3285,812
3286,813
3287,814
3288,492
3614,492
3679,492
3680,492
3681,492
3682,492
3707,492
3717,492
3824,492
3847,492
3917,492
3919,492
3920,492
3922,492
3925,492
3927,492
3935,492
3936,492
3290,477
3291,815
3292,22
3293,816
3294,817
3297,817
3298,817
3299,817
3295,817
3296,817
3300,818
3301,819
3303,820
3305,235
3306,821
3309,822
3310,822
3542,822
3311,823
3312,823
3313,824
3315,825
3318,171
3320,826
3320,146
3321,11
3322,11
3323,827
3324,407
3324,464
3326,828
3327,829
3328,830
3329,11
3330,11
3331,11
3332,11
3334,11
3335,11
3336,11
3337,831
3339,660
3340,832
3341,833
3343,105
3344,834
3345,835
3357,836
3363,71
3738,71
3372,764
3373,545
3378,545
3374,545
3375,545
3376,545
3377,545
3379,550
3380,0
3381,550
3382,550
3383,550
3384,6
3385,6
3386,6
3387,6
3388,0
3389,2
3390,2
3391,2
3392,2
3393,2
3398,2
3401,2
3403,2
3409,88
4306,88
3412,209
3413,732
3414,629
3415,158
3416,837
3417,2
3418,2
3419,2
3420,2
3422,2
3423,119
3424,72
3425,838
3426,527
3427,527
3429,0
3430,2
3430,7
3432,839
3433,840
3434,841
3436,428
3437,842
3438,843
3439,605
3443,844
3444,845
3445,134
3447,5
3448,846
3449,847
3450,848
3451,111
3452,74
3722,74
3930,74
3454,175
3457,392
3458,393
3460,849
3462,850
3463,611
3464,611
3465,670
3466,851
3468,852
3470,853
3471,178
3472,854
3473,16
3474,628
3475,124
3476,178
3477,855
3478,855
3479,474
3480,127
3485,68
3486,199
3487,627
3488,127
3489,474
3492,856
3494,857
3495,74
3496,361
3497,550
3498,127
3499,127
3827,127
3501,858
3503,858
3504,858
3505,661
3506,127
3507,859
3508,859
3509,860
3510,861
3511,862
3512,75
3513,53
3514,420
3515,420
3517,863
3518,864
3519,865
3520,866
3521,867
3523,412
3524,412
3526,855
3527,868
3528,869
3529,870
3531,127
3532,871
3534,872
3535,873
3757,873
3536,625
3537,626
3538,2
3539,2
3540,2
3544,874
3548,2
3550,2
3551,649
3553,875
3924,875
3554,492
3555,492
3556,492
3557,492
3558,492
3831,492
3848,492
3559,492
3560,649
3561,649
3565,876
3566,877
3567,878
3569,879
3579,880
3580,881
3581,882
3588,883
3591,823
3597,192
3597,107
4426,107
3599,6
3600,2
3613,748
3618,128
3802,128
3621,483
3624,361
3625,884
3627,496
3628,2
3630,884
3631,884
3632,884
3637,50
3638,238
3640,885
3642,41
3646,886
3650,635
3651,635
3653,2
3660,887
3663,129
3680,888
3685,129
3686,166
3687,889
3688,117
3689,491
3700,491
3701,890
3704,890
3702,786
3703,369
3704,369
3705,2
3706,891
3706,892
3707,893
3708,11
3709,894
3710,492
3711,492
3713,492
3719,492
3720,492
3834,492
3712,875
3833,875
3715,895
3716,896
3718,897
3723,896
3725,132
3725,553
3730,205
3731,172
3732,412
3733,898
3734,160
3735,2
3736,2
3737,117
3740,899
3741,900
3742,901
3743,902
3744,903
3745,904
3748,905
3749,873
3750,873
3753,6
3754,906
3755,906
3756,6
3760,62
3763,5
3765,2
3765,2
3773,137
3773,316
4245,316
3787,497
3793,74
3835,74
3794,907
3795,908
3797,124
3803,128
3804,2
3805,758
3806,758
3811,128
3814,128
3816,150
3817,74
3818,74
3819,74
3821,74
3817,67
3820,497
3821,107
3822,909
3823,492
3831,2
3832,910
3836,911
3837,911
3838,911
3839,541
3840,541
3841,541
3842,541
3843,541
3844,912
3846,913
3850,128
3851,128
3853,128
3852,124
3854,914
3859,915
3860,915
3861,915
3866,127
3867,916
3868,11
3869,11
3870,11
3876,119
3877,732
3878,629
3880,144
3882,862
3883,917
3884,918
3885,919
3886,920
3888,921
3889,2
3890,922
3892,462
3897,0
3898,0
3899,331
3904,41
3916,186
3926,492
3932,923
3932,7
3940,924
3942,10
3943,238
3945,925
3946,11
3951,926
3953,31
3954,927
3955,550
3956,928
3958,2
3959,500
3960,166
3961,500
3962,166
3963,128
3996,128
4039,128
3967,128
3968,128
4035,128
3969,132
4012,132
3970,128
4036,128
3971,128
4037,128
3974,929
3975,930
3976,10
3977,132
4030,132
3978,166
3979,166
3980,132
3981,166
3982,44
3983,931
3984,124
3985,0
3986,117
4236,117
3987,932
3988,10
3990,2
3991,933
3992,934
3995,730
4105,730
3997,2
3998,11
3999,884
4001,935
4002,936
4003,32
4005,571
4006,406
4010,860
4017,2
4018,858
4025,2
4027,238
4028,6
4029,593
4031,2
4034,128
4041,50
4042,50
4043,50
4044,50
4045,937
4047,873
4049,128
4051,938
4052,60
4053,939
4054,132
4055,823
4056,44
4059,127
4060,46
4061,627
4062,153
4063,68
4064,0
4065,127
4066,128
4069,940
4070,941
4071,884
4072,0
4073,0
4074,942
4075,158
4077,2
4078,11
4079,128
4085,697
4086,45
4087,117
4088,2
4089,943
4090,610
4091,249
4092,18
4093,238
4094,658
4096,534
4097,238
4098,930
4099,2
4101,944
4104,176
4109,7
4120,945
4121,946
4123,947
4124,182
4125,184
4126,185
4127,948
4128,145
4129,210
4130,949
4132,305
4133,950
4139,583
4140,583
4141,583
4142,31
4143,2
4144,462
4145,571
4156,951
4161,907
4166,758
4169,952
4169,2
4170,28
4172,2
4187,166
4188,2
4189,616
4191,2
4192,2
4193,2
4194,179
4195,179
4196,953
4197,6
4198,43
4199,43
4200,43
4201,43
4202,43
4203,43
4204,43
4205,43
4206,43
4208,2
4209,2
4210,2
4211,2
4212,654
4213,954
4216,955
4217,955
4221,955
4220,956
4222,957
4223,958
4224,959
4225,152
4226,152
4227,665
4228,729
4229,535
4230,144
4232,2
4233,960
4234,2
4236,8
4239,55
4240,169
4242,106
4243,108
4244,117
4246,297
4247,47
4248,101
4249,176
4250,176
4251,117
4252,2
4253,2
4254,2
4255,2
4256,2
4257,2
4259,961
4260,962
4261,962
4262,963
4268,954
4270,266
4431,266
4500,266
4507,266
4272,964
4508,964
4274,965
4275,46
4438,46
4579,46
4275,112
4276,966
4277,967
4278,243
4279,158
4280,44
4281,195
4284,968
4285,969
4287,970
4288,971
4289,288
4290,155
4291,155
4293,2
4294,972
4300,607
4301,256
4304,177
4305,973
4307,974
4315,24
4425,24
4570,24
4317,975
4318,117
4321,301
4326,976
4327,414
4433,414
4346,729
4347,977
4351,978
4352,979
4353,980
4354,218
4355,943
4356,981
4357,982
4358,654
4359,265
4360,265
4360,265
4361,265
4362,983
4366,557
4367,411
4372,210
4374,984
4381,117
4382,62
4390,71
4575,71
4576,71
4391,699
4392,985
4401,209
4402,986
4407,476
4411,46
4413,753
4414,753
4424,987
4429,988
4431,305
4440,585
4452,118
4457,43
4458,43
4463,989
4464,990
4465,607
4466,986
4467,991
4471,992
4472,43
4473,15
4474,993
4475,685
4476,123
4477,994
4478,995
4480,996
4482,44
4483,997
4484,46
4485,8
4486,998
4487,484
4491,999
4492,117
4496,516
4497,1000
4498,712
4501,1001
4502,1002
4503,1003
4504,1004
4505,266
4506,1005
4509,24
4510,1006
4511,1007
4512,1008
4514,1009
4515,1010
4516,1011
4517,1012
4518,648
4519,984
4521,62
4522,1013
4523,0
4524,365
4530,8
4533,316
4534,1014
4535,1015
4536,117
4537,101
4538,192
4539,192
4540,192
4542,153
4543,176
4545,311
4546,801
4547,210
4548,702
4549,388
4550,594
4551,476
4552,1016
4553,1017
4555,1018
4556,1019
4557,1020
4558,1021
4559,233
4560,476
4581,476
4562,274
4563,1022
4564,1023
4566,1024
4573,1019
4577,1025
4578,462
4582,476
4583,209
4589,55
4590,1026
26,1027
69,1027
112,1027
113,1027
263,1027
373,1027
394,1027
395,1027
398,1027
504,1027
529,1027
530,1027
635,1027
644,1027
650,1027
654,1027
656,1027
687,1027
692,1027
694,1027
695,1027
696,1027
697,1027
703,1027
704,1027
708,1027
713,1027
714,1027
717,1027
721,1027
736,1027
743,1027
745,1027
747,1027
754,1027
763,1027
832,1027
833,1027
862,1027
863,1027
1018,1027
1167,1027
1206,1027
1269,1027
1270,1027
1273,1027
1280,1027
1281,1027
1688,1027
1727,1027
1752,1027
1753,1027
1754,1027
1755,1027
1756,1027
1757,1027
1758,1027
1759,1027
1762,1027
1763,1027
1841,1027
2122,1027
2123,1027
2124,1027
2125,1027
2174,1027
2206,1027
2253,1027
2276,1027
2652,1027
2653,1027
2654,1027
2673,1027
2674,1027
2678,1027
2679,1027
2681,1027
2682,1027
2685,1027
2686,1027
2687,1027
2688,1027
2689,1027
2690,1027
2691,1027
2692,1027
2693,1027
2694,1027
2695,1027
2696,1027
2700,1027
2701,1027
2712,1027
2713,1027
2714,1027
2715,1027
2716,1027
2719,1027
2721,1027
2722,1027
2723,1027
2724,1027
2725,1027
2726,1027
2727,1027
2729,1027
2736,1027
2737,1027
2738,1027
2739,1027
2740,1027
2741,1027
2743,1027
2744,1027
2746,1027
2747,1027
2748,1027
2753,1027
2755,1027
2770,1027
2810,1027
2836,1027
2837,1027
2839,1027
3302,1027
3310,1027
3400,1027
3405,1027
3414,1027
3435,1027
3436,1027
3541,1027
3545,1027
3592,1027
3593,1027
3596,1027
3657,1027
3873,1027
3874,1027
3878,1027
4328,1027
4329,1027
4330,1027
4331,1027
4332,1027
4333,1027
4334,1027
4335,1027
4336,1027
4337,1027
4338,1027
4339,1027
4340,1027
4341,1027
4342,1027
4343,1027
4399,1027
